Epoch	Training Loss	Validation Loss
1		0.6877		0.6628
2		0.6783		0.6609
3		0.6767		0.6626
4		0.6757		0.6649
5		0.6748		0.6672
6		0.6740		0.6695
7		0.6733		0.6717
8		0.6727		0.6739
9		0.6721		0.6759
10		0.6716		0.6778
11		0.6711		0.6796
12		0.6707		0.6814
13		0.6703		0.6831
14		0.6700		0.6846
15		0.6697		0.6861
16		0.6695		0.6876
17		0.6692		0.6889
18		0.6690		0.6902
19		0.6688		0.6914
20		0.6687		0.6926
21		0.6685		0.6937
22		0.6684		0.6947
23		0.6683		0.6957
24		0.6682		0.6967
25		0.6681		0.6975
26		0.6680		0.6984
27		0.6679		0.6992
28		0.6678		0.6999
29		0.6678		0.7007
30		0.6677		0.7013
31		0.6677		0.7020
32		0.6676		0.7026
33		0.6676		0.7032
34		0.6675		0.7037
35		0.6675		0.7042
36		0.6675		0.7047
37		0.6674		0.7052
38		0.6674		0.7056
39		0.6674		0.7060
40		0.6674		0.7064
41		0.6673		0.7068
42		0.6673		0.7071
43		0.6673		0.7075
44		0.6673		0.7078
45		0.6673		0.7081
46		0.6673		0.7083
47		0.6673		0.7086
48		0.6672		0.7089
49		0.6672		0.7091
50		0.6672		0.7093
51		0.6672		0.7095
52		0.6672		0.7097
53		0.6672		0.7099
54		0.6672		0.7101
55		0.6672		0.7103
56		0.6672		0.7104
57		0.6672		0.7106
58		0.6672		0.7107
59		0.6672		0.7109
60		0.6672		0.7110
61		0.6671		0.7111
62		0.6671		0.7112
63		0.6671		0.7113
64		0.6671		0.7114
65		0.6671		0.7115
66		0.6671		0.7116
67		0.6671		0.7117
68		0.6671		0.7118
69		0.6671		0.7119
70		0.6671		0.7119
71		0.6671		0.7120
72		0.6671		0.7121
73		0.6671		0.7121
74		0.6671		0.7122
75		0.6671		0.7122
76		0.6671		0.7123
77		0.6671		0.7123
78		0.6671		0.7124
79		0.6671		0.7124
80		0.6671		0.7124
81		0.6671		0.7125
82		0.6671		0.7125
83		0.6671		0.7125
84		0.6671		0.7126
85		0.6671		0.7126
86		0.6670		0.7126
87		0.6670		0.7127
88		0.6670		0.7127
89		0.6670		0.7127
90		0.6670		0.7127
91		0.6670		0.7127
92		0.6670		0.7128
93		0.6670		0.7128
94		0.6670		0.7128
95		0.6670		0.7128
96		0.6670		0.7128
97		0.6670		0.7128
98		0.6670		0.7129
99		0.6670		0.7129
100		0.6670		0.7129
101		0.6670		0.7129
102		0.6670		0.7129
103		0.6670		0.7129
104		0.6670		0.7129
105		0.6670		0.7129
106		0.6670		0.7129
107		0.6670		0.7129
108		0.6670		0.7129
109		0.6670		0.7129
110		0.6670		0.7129
111		0.6670		0.7129
112		0.6670		0.7129
113		0.6670		0.7130
114		0.6670		0.7130
115		0.6670		0.7130
116		0.6670		0.7130
117		0.6670		0.7130
118		0.6669		0.7130
119		0.6669		0.7130
120		0.6669		0.7130
121		0.6669		0.7130
122		0.6669		0.7130
123		0.6669		0.7130
124		0.6669		0.7130
125		0.6669		0.7130
126		0.6669		0.7130
127		0.6669		0.7130
128		0.6669		0.7130
129		0.6669		0.7130
130		0.6669		0.7130
131		0.6669		0.7130
132		0.6669		0.7130
133		0.6669		0.7130
134		0.6669		0.7130
135		0.6669		0.7129
136		0.6669		0.7129
137		0.6669		0.7129
138		0.6669		0.7129
139		0.6669		0.7129
140		0.6669		0.7129
141		0.6669		0.7129
142		0.6669		0.7129
143		0.6669		0.7129
144		0.6669		0.7129
145		0.6669		0.7129
146		0.6669		0.7129
147		0.6669		0.7129
148		0.6669		0.7129
149		0.6669		0.7129
150		0.6669		0.7129
151		0.6669		0.7129
152		0.6668		0.7129
153		0.6668		0.7129
154		0.6668		0.7129
155		0.6668		0.7129
156		0.6668		0.7129
157		0.6668		0.7129
158		0.6668		0.7129
159		0.6668		0.7129
160		0.6668		0.7129
161		0.6668		0.7129
162		0.6668		0.7129
163		0.6668		0.7129
164		0.6668		0.7129
165		0.6668		0.7129
166		0.6668		0.7129
167		0.6668		0.7129
168		0.6668		0.7129
169		0.6668		0.7128
170		0.6668		0.7128
171		0.6668		0.7128
172		0.6668		0.7128
173		0.6668		0.7128
174		0.6668		0.7128
175		0.6668		0.7128
176		0.6668		0.7128
177		0.6668		0.7128
178		0.6668		0.7128
179		0.6668		0.7128
180		0.6668		0.7128
181		0.6668		0.7128
182		0.6668		0.7128
183		0.6668		0.7128
184		0.6668		0.7128
185		0.6667		0.7128
186		0.6667		0.7128
187		0.6667		0.7128
188		0.6667		0.7128
189		0.6667		0.7128
190		0.6667		0.7128
191		0.6667		0.7128
192		0.6667		0.7128
193		0.6667		0.7128
194		0.6667		0.7128
195		0.6667		0.7128
196		0.6667		0.7127
197		0.6667		0.7127
198		0.6667		0.7127
199		0.6667		0.7127
200		0.6667		0.7127
201		0.6667		0.7127
202		0.6667		0.7127
203		0.6667		0.7127
204		0.6667		0.7127
205		0.6667		0.7127
206		0.6667		0.7127
207		0.6667		0.7127
208		0.6667		0.7127
209		0.6667		0.7127
210		0.6667		0.7127
211		0.6667		0.7127
212		0.6667		0.7127
213		0.6667		0.7127
214		0.6667		0.7127
215		0.6667		0.7127
216		0.6667		0.7127
217		0.6667		0.7127
218		0.6667		0.7127
219		0.6666		0.7127
220		0.6666		0.7127
221		0.6666		0.7127
222		0.6666		0.7126
223		0.6666		0.7126
224		0.6666		0.7126
225		0.6666		0.7126
226		0.6666		0.7126
227		0.6666		0.7126
228		0.6666		0.7126
229		0.6666		0.7126
230		0.6666		0.7126
231		0.6666		0.7126
232		0.6666		0.7126
233		0.6666		0.7126
234		0.6666		0.7126
235		0.6666		0.7126
236		0.6666		0.7126
237		0.6666		0.7126
238		0.6666		0.7126
239		0.6666		0.7126
240		0.6666		0.7126
241		0.6666		0.7126
242		0.6666		0.7126
243		0.6666		0.7126
244		0.6666		0.7126
245		0.6666		0.7126
246		0.6666		0.7126
247		0.6666		0.7126
248		0.6666		0.7125
249		0.6666		0.7125
250		0.6666		0.7125
251		0.6666		0.7125
252		0.6666		0.7125
253		0.6665		0.7125
254		0.6665		0.7125
255		0.6665		0.7125
256		0.6665		0.7125
257		0.6665		0.7125
258		0.6665		0.7125
259		0.6665		0.7125
260		0.6665		0.7125
261		0.6665		0.7125
262		0.6665		0.7125
263		0.6665		0.7125
264		0.6665		0.7125
265		0.6665		0.7125
266		0.6665		0.7125
267		0.6665		0.7125
268		0.6665		0.7125
269		0.6665		0.7125
270		0.6665		0.7125
271		0.6665		0.7125
272		0.6665		0.7125
273		0.6665		0.7125
274		0.6665		0.7124
275		0.6665		0.7124
276		0.6665		0.7124
277		0.6665		0.7124
278		0.6665		0.7124
279		0.6665		0.7124
280		0.6665		0.7124
281		0.6665		0.7124
282		0.6665		0.7124
283		0.6665		0.7124
284		0.6665		0.7124
285		0.6665		0.7124
286		0.6665		0.7124
287		0.6664		0.7124
288		0.6664		0.7124
289		0.6664		0.7124
290		0.6664		0.7124
291		0.6664		0.7124
292		0.6664		0.7124
293		0.6664		0.7124
294		0.6664		0.7124
295		0.6664		0.7124
296		0.6664		0.7124
297		0.6664		0.7124
298		0.6664		0.7124
299		0.6664		0.7124
300		0.6664		0.7123
301		0.6664		0.7123
302		0.6664		0.7123
303		0.6664		0.7123
304		0.6664		0.7123
305		0.6664		0.7123
306		0.6664		0.7123
307		0.6664		0.7123
308		0.6664		0.7123
309		0.6664		0.7123
310		0.6664		0.7123
311		0.6664		0.7123
312		0.6664		0.7123
313		0.6664		0.7123
314		0.6664		0.7123
315		0.6664		0.7123
316		0.6664		0.7123
317		0.6664		0.7123
318		0.6664		0.7123
319		0.6664		0.7123
320		0.6663		0.7123
321		0.6663		0.7123
322		0.6663		0.7123
323		0.6663		0.7123
324		0.6663		0.7123
325		0.6663		0.7123
326		0.6663		0.7122
327		0.6663		0.7122
328		0.6663		0.7122
329		0.6663		0.7122
330		0.6663		0.7122
331		0.6663		0.7122
332		0.6663		0.7122
333		0.6663		0.7122
334		0.6663		0.7122
335		0.6663		0.7122
336		0.6663		0.7122
337		0.6663		0.7122
338		0.6663		0.7122
339		0.6663		0.7122
340		0.6663		0.7122
341		0.6663		0.7122
342		0.6663		0.7122
343		0.6663		0.7122
344		0.6663		0.7122
345		0.6663		0.7122
346		0.6663		0.7122
347		0.6663		0.7122
348		0.6663		0.7122
349		0.6663		0.7122
350		0.6663		0.7122
351		0.6663		0.7122
352		0.6663		0.7121
353		0.6663		0.7121
354		0.6662		0.7121
355		0.6662		0.7121
356		0.6662		0.7121
357		0.6662		0.7121
358		0.6662		0.7121
359		0.6662		0.7121
360		0.6662		0.7121
361		0.6662		0.7121
362		0.6662		0.7121
363		0.6662		0.7121
364		0.6662		0.7121
365		0.6662		0.7121
366		0.6662		0.7121
367		0.6662		0.7121
368		0.6662		0.7121
369		0.6662		0.7121
370		0.6662		0.7121
371		0.6662		0.7121
372		0.6662		0.7121
373		0.6662		0.7121
374		0.6662		0.7121
375		0.6662		0.7121
376		0.6662		0.7121
377		0.6662		0.7121
378		0.6662		0.7120
379		0.6662		0.7120
380		0.6662		0.7120
381		0.6662		0.7120
382		0.6662		0.7120
383		0.6662		0.7120
384		0.6662		0.7120
385		0.6662		0.7120
386		0.6662		0.7120
387		0.6662		0.7120
388		0.6661		0.7120
389		0.6661		0.7120
390		0.6661		0.7120
391		0.6661		0.7120
392		0.6661		0.7120
393		0.6661		0.7120
394		0.6661		0.7120
395		0.6661		0.7120
396		0.6661		0.7120
397		0.6661		0.7120
398		0.6661		0.7120
399		0.6661		0.7120
400		0.6661		0.7120
401		0.6661		0.7120
402		0.6661		0.7120
403		0.6661		0.7120
404		0.6661		0.7119
405		0.6661		0.7119
406		0.6661		0.7119
407		0.6661		0.7119
408		0.6661		0.7119
409		0.6661		0.7119
410		0.6661		0.7119
411		0.6661		0.7119
412		0.6661		0.7119
413		0.6661		0.7119
414		0.6661		0.7119
415		0.6661		0.7119
416		0.6661		0.7119
417		0.6661		0.7119
418		0.6661		0.7119
419		0.6661		0.7119
420		0.6661		0.7119
421		0.6661		0.7119
422		0.6660		0.7119
423		0.6660		0.7119
424		0.6660		0.7119
425		0.6660		0.7119
426		0.6660		0.7119
427		0.6660		0.7119
428		0.6660		0.7119
429		0.6660		0.7119
430		0.6660		0.7118
431		0.6660		0.7118
432		0.6660		0.7118
433		0.6660		0.7118
434		0.6660		0.7118
435		0.6660		0.7118
436		0.6660		0.7118
437		0.6660		0.7118
438		0.6660		0.7118
439		0.6660		0.7118
440		0.6660		0.7118
441		0.6660		0.7118
442		0.6660		0.7118
443		0.6660		0.7118
444		0.6660		0.7118
445		0.6660		0.7118
446		0.6660		0.7118
447		0.6660		0.7118
448		0.6660		0.7118
449		0.6660		0.7118
450		0.6660		0.7118
451		0.6660		0.7118
452		0.6660		0.7118
453		0.6660		0.7118
454		0.6660		0.7118
455		0.6659		0.7118
456		0.6659		0.7117
457		0.6659		0.7117
458		0.6659		0.7117
459		0.6659		0.7117
460		0.6659		0.7117
461		0.6659		0.7117
462		0.6659		0.7117
463		0.6659		0.7117
464		0.6659		0.7117
465		0.6659		0.7117
466		0.6659		0.7117
467		0.6659		0.7117
468		0.6659		0.7117
469		0.6659		0.7117
470		0.6659		0.7117
471		0.6659		0.7117
472		0.6659		0.7117
473		0.6659		0.7117
474		0.6659		0.7117
475		0.6659		0.7117
476		0.6659		0.7117
477		0.6659		0.7117
478		0.6659		0.7117
479		0.6659		0.7117
480		0.6659		0.7117
481		0.6659		0.7117
482		0.6659		0.7116
483		0.6659		0.7116
484		0.6659		0.7116
485		0.6659		0.7116
486		0.6659		0.7116
487		0.6659		0.7116
488		0.6659		0.7116
489		0.6658		0.7116
490		0.6658		0.7116
491		0.6658		0.7116
492		0.6658		0.7116
493		0.6658		0.7116
494		0.6658		0.7116
495		0.6658		0.7116
496		0.6658		0.7116
497		0.6658		0.7116
498		0.6658		0.7116
499		0.6658		0.7116
500		0.6658		0.7116
501		0.6658		0.7116
502		0.6658		0.7116
503		0.6658		0.7116
504		0.6658		0.7116
505		0.6658		0.7116
506		0.6658		0.7116
507		0.6658		0.7116
508		0.6658		0.7115
509		0.6658		0.7115
510		0.6658		0.7115
511		0.6658		0.7115
512		0.6658		0.7115
513		0.6658		0.7115
514		0.6658		0.7115
515		0.6658		0.7115
516		0.6658		0.7115
517		0.6658		0.7115
518		0.6658		0.7115
519		0.6658		0.7115
520		0.6658		0.7115
521		0.6658		0.7115
522		0.6658		0.7115
523		0.6657		0.7115
524		0.6657		0.7115
525		0.6657		0.7115
526		0.6657		0.7115
527		0.6657		0.7115
528		0.6657		0.7115
529		0.6657		0.7115
530		0.6657		0.7115
531		0.6657		0.7115
532		0.6657		0.7115
533		0.6657		0.7115
534		0.6657		0.7114
535		0.6657		0.7114
536		0.6657		0.7114
537		0.6657		0.7114
538		0.6657		0.7114
539		0.6657		0.7114
540		0.6657		0.7114
541		0.6657		0.7114
542		0.6657		0.7114
543		0.6657		0.7114
544		0.6657		0.7114
545		0.6657		0.7114
546		0.6657		0.7114
547		0.6657		0.7114
548		0.6657		0.7114
549		0.6657		0.7114
550		0.6657		0.7114
551		0.6657		0.7114
552		0.6657		0.7114
553		0.6657		0.7114
554		0.6657		0.7114
555		0.6657		0.7114
556		0.6657		0.7114
557		0.6656		0.7114
558		0.6656		0.7114
559		0.6656		0.7114
560		0.6656		0.7113
561		0.6656		0.7113
562		0.6656		0.7113
563		0.6656		0.7113
564		0.6656		0.7113
565		0.6656		0.7113
566		0.6656		0.7113
567		0.6656		0.7113
568		0.6656		0.7113
569		0.6656		0.7113
570		0.6656		0.7113
571		0.6656		0.7113
572		0.6656		0.7113
573		0.6656		0.7113
574		0.6656		0.7113
575		0.6656		0.7113
576		0.6656		0.7113
577		0.6656		0.7113
578		0.6656		0.7113
579		0.6656		0.7113
580		0.6656		0.7113
581		0.6656		0.7113
582		0.6656		0.7113
583		0.6656		0.7113
584		0.6656		0.7113
585		0.6656		0.7113
586		0.6656		0.7112
587		0.6656		0.7112
588		0.6656		0.7112
589		0.6656		0.7112
590		0.6656		0.7112
591		0.6655		0.7112
592		0.6655		0.7112
593		0.6655		0.7112
594		0.6655		0.7112
595		0.6655		0.7112
596		0.6655		0.7112
597		0.6655		0.7112
598		0.6655		0.7112
599		0.6655		0.7112
600		0.6655		0.7112
601		0.6655		0.7112
602		0.6655		0.7112
603		0.6655		0.7112
604		0.6655		0.7112
605		0.6655		0.7112
606		0.6655		0.7112
607		0.6655		0.7112
608		0.6655		0.7112
609		0.6655		0.7112
610		0.6655		0.7112
611		0.6655		0.7112
612		0.6655		0.7111
613		0.6655		0.7111
614		0.6655		0.7111
615		0.6655		0.7111
616		0.6655		0.7111
617		0.6655		0.7111
618		0.6655		0.7111
619		0.6655		0.7111
620		0.6655		0.7111
621		0.6655		0.7111
622		0.6655		0.7111
623		0.6655		0.7111
624		0.6654		0.7111
625		0.6654		0.7111
626		0.6654		0.7111
627		0.6654		0.7111
628		0.6654		0.7111
629		0.6654		0.7111
630		0.6654		0.7111
631		0.6654		0.7111
632		0.6654		0.7111
633		0.6654		0.7111
634		0.6654		0.7111
635		0.6654		0.7111
636		0.6654		0.7111
637		0.6654		0.7111
638		0.6654		0.7110
639		0.6654		0.7110
640		0.6654		0.7110
641		0.6654		0.7110
642		0.6654		0.7110
643		0.6654		0.7110
644		0.6654		0.7110
645		0.6654		0.7110
646		0.6654		0.7110
647		0.6654		0.7110
648		0.6654		0.7110
649		0.6654		0.7110
650		0.6654		0.7110
651		0.6654		0.7110
652		0.6654		0.7110
653		0.6654		0.7110
654		0.6654		0.7110
655		0.6654		0.7110
656		0.6654		0.7110
657		0.6654		0.7110
658		0.6653		0.7110
659		0.6653		0.7110
660		0.6653		0.7110
661		0.6653		0.7110
662		0.6653		0.7110
663		0.6653		0.7110
664		0.6653		0.7109
665		0.6653		0.7109
666		0.6653		0.7109
667		0.6653		0.7109
668		0.6653		0.7109
669		0.6653		0.7109
670		0.6653		0.7109
671		0.6653		0.7109
672		0.6653		0.7109
673		0.6653		0.7109
674		0.6653		0.7109
675		0.6653		0.7109
676		0.6653		0.7109
677		0.6653		0.7109
678		0.6653		0.7109
679		0.6653		0.7109
680		0.6653		0.7109
681		0.6653		0.7109
682		0.6653		0.7109
683		0.6653		0.7109
684		0.6653		0.7109
685		0.6653		0.7109
686		0.6653		0.7109
687		0.6653		0.7109
688		0.6653		0.7109
689		0.6653		0.7109
690		0.6653		0.7108
691		0.6653		0.7108
692		0.6652		0.7108
693		0.6652		0.7108
694		0.6652		0.7108
695		0.6652		0.7108
696		0.6652		0.7108
697		0.6652		0.7108
698		0.6652		0.7108
699		0.6652		0.7108
700		0.6652		0.7108
701		0.6652		0.7108
702		0.6652		0.7108
703		0.6652		0.7108
704		0.6652		0.7108
705		0.6652		0.7108
706		0.6652		0.7108
707		0.6652		0.7108
708		0.6652		0.7108
709		0.6652		0.7108
710		0.6652		0.7108
711		0.6652		0.7108
712		0.6652		0.7108
713		0.6652		0.7108
714		0.6652		0.7108
715		0.6652		0.7108
716		0.6652		0.7107
717		0.6652		0.7107
718		0.6652		0.7107
719		0.6652		0.7107
720		0.6652		0.7107
721		0.6652		0.7107
722		0.6652		0.7107
723		0.6652		0.7107
724		0.6652		0.7107
725		0.6652		0.7107
726		0.6651		0.7107
727		0.6651		0.7107
728		0.6651		0.7107
729		0.6651		0.7107
730		0.6651		0.7107
731		0.6651		0.7107
732		0.6651		0.7107
733		0.6651		0.7107
734		0.6651		0.7107
735		0.6651		0.7107
736		0.6651		0.7107
737		0.6651		0.7107
738		0.6651		0.7107
739		0.6651		0.7107
740		0.6651		0.7107
741		0.6651		0.7107
742		0.6651		0.7106
743		0.6651		0.7106
744		0.6651		0.7106
745		0.6651		0.7106
746		0.6651		0.7106
747		0.6651		0.7106
748		0.6651		0.7106
749		0.6651		0.7106
750		0.6651		0.7106
751		0.6651		0.7106
752		0.6651		0.7106
753		0.6651		0.7106
754		0.6651		0.7106
755		0.6651		0.7106
756		0.6651		0.7106
757		0.6651		0.7106
758		0.6651		0.7106
759		0.6651		0.7106
760		0.6650		0.7106
761		0.6650		0.7106
762		0.6650		0.7106
763		0.6650		0.7106
764		0.6650		0.7106
765		0.6650		0.7106
766		0.6650		0.7106
767		0.6650		0.7106
768		0.6650		0.7105
769		0.6650		0.7105
770		0.6650		0.7105
771		0.6650		0.7105
772		0.6650		0.7105
773		0.6650		0.7105
774		0.6650		0.7105
775		0.6650		0.7105
776		0.6650		0.7105
777		0.6650		0.7105
778		0.6650		0.7105
779		0.6650		0.7105
780		0.6650		0.7105
781		0.6650		0.7105
782		0.6650		0.7105
783		0.6650		0.7105
784		0.6650		0.7105
785		0.6650		0.7105
786		0.6650		0.7105
787		0.6650		0.7105
788		0.6650		0.7105
789		0.6650		0.7105
790		0.6650		0.7105
791		0.6650		0.7105
792		0.6650		0.7105
793		0.6650		0.7105
794		0.6649		0.7104
795		0.6649		0.7104
796		0.6649		0.7104
797		0.6649		0.7104
798		0.6649		0.7104
799		0.6649		0.7104
800		0.6649		0.7104
801		0.6649		0.7104
802		0.6649		0.7104
803		0.6649		0.7104
804		0.6649		0.7104
805		0.6649		0.7104
806		0.6649		0.7104
807		0.6649		0.7104
808		0.6649		0.7104
809		0.6649		0.7104
810		0.6649		0.7104
811		0.6649		0.7104
812		0.6649		0.7104
813		0.6649		0.7104
814		0.6649		0.7104
815		0.6649		0.7104
816		0.6649		0.7104
817		0.6649		0.7104
818		0.6649		0.7104
819		0.6649		0.7104
820		0.6649		0.7103
821		0.6649		0.7103
822		0.6649		0.7103
823		0.6649		0.7103
824		0.6649		0.7103
825		0.6649		0.7103
826		0.6649		0.7103
827		0.6649		0.7103
828		0.6648		0.7103
829		0.6648		0.7103
830		0.6648		0.7103
831		0.6648		0.7103
832		0.6648		0.7103
833		0.6648		0.7103
834		0.6648		0.7103
835		0.6648		0.7103
836		0.6648		0.7103
837		0.6648		0.7103
838		0.6648		0.7103
839		0.6648		0.7103
840		0.6648		0.7103
841		0.6648		0.7103
842		0.6648		0.7103
843		0.6648		0.7103
844		0.6648		0.7103
845		0.6648		0.7103
846		0.6648		0.7102
847		0.6648		0.7102
848		0.6648		0.7102
849		0.6648		0.7102
850		0.6648		0.7102
851		0.6648		0.7102
852		0.6648		0.7102
853		0.6648		0.7102
854		0.6648		0.7102
855		0.6648		0.7102
856		0.6648		0.7102
857		0.6648		0.7102
858		0.6648		0.7102
859		0.6648		0.7102
860		0.6648		0.7102
861		0.6648		0.7102
862		0.6647		0.7102
863		0.6647		0.7102
864		0.6647		0.7102
865		0.6647		0.7102
866		0.6647		0.7102
867		0.6647		0.7102
868		0.6647		0.7102
869		0.6647		0.7102
870		0.6647		0.7102
871		0.6647		0.7102
872		0.6647		0.7101
873		0.6647		0.7101
874		0.6647		0.7101
875		0.6647		0.7101
876		0.6647		0.7101
877		0.6647		0.7101
878		0.6647		0.7101
879		0.6647		0.7101
880		0.6647		0.7101
881		0.6647		0.7101
882		0.6647		0.7101
883		0.6647		0.7101
884		0.6647		0.7101
885		0.6647		0.7101
886		0.6647		0.7101
887		0.6647		0.7101
888		0.6647		0.7101
889		0.6647		0.7101
890		0.6647		0.7101
891		0.6647		0.7101
892		0.6647		0.7101
893		0.6647		0.7101
894		0.6647		0.7101
895		0.6647		0.7101
896		0.6646		0.7101
897		0.6646		0.7101
898		0.6646		0.7100
899		0.6646		0.7100
900		0.6646		0.7100
901		0.6646		0.7100
902		0.6646		0.7100
903		0.6646		0.7100
904		0.6646		0.7100
905		0.6646		0.7100
906		0.6646		0.7100
907		0.6646		0.7100
908		0.6646		0.7100
909		0.6646		0.7100
910		0.6646		0.7100
911		0.6646		0.7100
912		0.6646		0.7100
913		0.6646		0.7100
914		0.6646		0.7100
915		0.6646		0.7100
916		0.6646		0.7100
917		0.6646		0.7100
918		0.6646		0.7100
919		0.6646		0.7100
920		0.6646		0.7100
921		0.6646		0.7100
922		0.6646		0.7100
923		0.6646		0.7100
924		0.6646		0.7100
925		0.6646		0.7099
926		0.6646		0.7099
927		0.6646		0.7099
928		0.6646		0.7099
929		0.6646		0.7099
930		0.6645		0.7099
931		0.6645		0.7099
932		0.6645		0.7099
933		0.6645		0.7099
934		0.6645		0.7099
935		0.6645		0.7099
936		0.6645		0.7099
937		0.6645		0.7099
938		0.6645		0.7099
939		0.6645		0.7099
940		0.6645		0.7099
941		0.6645		0.7099
942		0.6645		0.7099
943		0.6645		0.7099
944		0.6645		0.7099
945		0.6645		0.7099
946		0.6645		0.7099
947		0.6645		0.7099
948		0.6645		0.7099
949		0.6645		0.7099
950		0.6645		0.7099
951		0.6645		0.7098
952		0.6645		0.7098
953		0.6645		0.7098
954		0.6645		0.7098
955		0.6645		0.7098
956		0.6645		0.7098
957		0.6645		0.7098
958		0.6645		0.7098
959		0.6645		0.7098
960		0.6645		0.7098
961		0.6645		0.7098
962		0.6645		0.7098
963		0.6645		0.7098
964		0.6644		0.7098
965		0.6644		0.7098
966		0.6644		0.7098
967		0.6644		0.7098
968		0.6644		0.7098
969		0.6644		0.7098
970		0.6644		0.7098
971		0.6644		0.7098
972		0.6644		0.7098
973		0.6644		0.7098
974		0.6644		0.7098
975		0.6644		0.7098
976		0.6644		0.7098
977		0.6644		0.7097
978		0.6644		0.7097
979		0.6644		0.7097
980		0.6644		0.7097
981		0.6644		0.7097
982		0.6644		0.7097
983		0.6644		0.7097
984		0.6644		0.7097
985		0.6644		0.7097
986		0.6644		0.7097
987		0.6644		0.7097
988		0.6644		0.7097
989		0.6644		0.7097
990		0.6644		0.7097
991		0.6644		0.7097
992		0.6644		0.7097
993		0.6644		0.7097
994		0.6644		0.7097
995		0.6644		0.7097
996		0.6644		0.7097
997		0.6643		0.7097
998		0.6643		0.7097
999		0.6643		0.7097
1000		0.6643		0.7097
1001		0.6643		0.7097
1002		0.6643		0.7097
1003		0.6643		0.7096
1004		0.6643		0.7096
1005		0.6643		0.7096
1006		0.6643		0.7096
1007		0.6643		0.7096
1008		0.6643		0.7096
1009		0.6643		0.7096
1010		0.6643		0.7096
1011		0.6643		0.7096
1012		0.6643		0.7096
1013		0.6643		0.7096
1014		0.6643		0.7096
1015		0.6643		0.7096
1016		0.6643		0.7096
1017		0.6643		0.7096
1018		0.6643		0.7096
1019		0.6643		0.7096
1020		0.6643		0.7096
1021		0.6643		0.7096
1022		0.6643		0.7096
1023		0.6643		0.7096
1024		0.6643		0.7096
1025		0.6643		0.7096
1026		0.6643		0.7096
1027		0.6643		0.7096
1028		0.6643		0.7096
1029		0.6643		0.7095
1030		0.6643		0.7095
1031		0.6642		0.7095
1032		0.6642		0.7095
1033		0.6642		0.7095
1034		0.6642		0.7095
1035		0.6642		0.7095
1036		0.6642		0.7095
1037		0.6642		0.7095
1038		0.6642		0.7095
1039		0.6642		0.7095
1040		0.6642		0.7095
1041		0.6642		0.7095
1042		0.6642		0.7095
1043		0.6642		0.7095
1044		0.6642		0.7095
1045		0.6642		0.7095
1046		0.6642		0.7095
1047		0.6642		0.7095
1048		0.6642		0.7095
1049		0.6642		0.7095
1050		0.6642		0.7095
1051		0.6642		0.7095
1052		0.6642		0.7095
1053		0.6642		0.7095
1054		0.6642		0.7095
1055		0.6642		0.7094
1056		0.6642		0.7094
1057		0.6642		0.7094
1058		0.6642		0.7094
1059		0.6642		0.7094
1060		0.6642		0.7094
1061		0.6642		0.7094
1062		0.6642		0.7094
1063		0.6642		0.7094
1064		0.6642		0.7094
1065		0.6641		0.7094
1066		0.6641		0.7094
1067		0.6641		0.7094
1068		0.6641		0.7094
1069		0.6641		0.7094
1070		0.6641		0.7094
1071		0.6641		0.7094
1072		0.6641		0.7094
1073		0.6641		0.7094
1074		0.6641		0.7094
1075		0.6641		0.7094
1076		0.6641		0.7094
1077		0.6641		0.7094
1078		0.6641		0.7094
1079		0.6641		0.7094
1080		0.6641		0.7094
1081		0.6641		0.7093
1082		0.6641		0.7093
1083		0.6641		0.7093
1084		0.6641		0.7093
1085		0.6641		0.7093
1086		0.6641		0.7093
1087		0.6641		0.7093
1088		0.6641		0.7093
1089		0.6641		0.7093
1090		0.6641		0.7093
1091		0.6641		0.7093
1092		0.6641		0.7093
1093		0.6641		0.7093
1094		0.6641		0.7093
1095		0.6641		0.7093
1096		0.6641		0.7093
1097		0.6641		0.7093
1098		0.6641		0.7093
1099		0.6640		0.7093
1100		0.6640		0.7093
1101		0.6640		0.7093
1102		0.6640		0.7093
1103		0.6640		0.7093
1104		0.6640		0.7093
1105		0.6640		0.7093
1106		0.6640		0.7093
1107		0.6640		0.7093
1108		0.6640		0.7092
1109		0.6640		0.7092
1110		0.6640		0.7092
1111		0.6640		0.7092
1112		0.6640		0.7092
1113		0.6640		0.7092
1114		0.6640		0.7092
1115		0.6640		0.7092
1116		0.6640		0.7092
1117		0.6640		0.7092
1118		0.6640		0.7092
1119		0.6640		0.7092
1120		0.6640		0.7092
1121		0.6640		0.7092
1122		0.6640		0.7092
1123		0.6640		0.7092
1124		0.6640		0.7092
1125		0.6640		0.7092
1126		0.6640		0.7092
1127		0.6640		0.7092
1128		0.6640		0.7092
1129		0.6640		0.7092
1130		0.6640		0.7092
1131		0.6640		0.7092
1132		0.6640		0.7092
1133		0.6639		0.7092
1134		0.6639		0.7091
1135		0.6639		0.7091
1136		0.6639		0.7091
1137		0.6639		0.7091
1138		0.6639		0.7091
1139		0.6639		0.7091
1140		0.6639		0.7091
1141		0.6639		0.7091
1142		0.6639		0.7091
1143		0.6639		0.7091
1144		0.6639		0.7091
1145		0.6639		0.7091
1146		0.6639		0.7091
1147		0.6639		0.7091
1148		0.6639		0.7091
1149		0.6639		0.7091
1150		0.6639		0.7091
1151		0.6639		0.7091
1152		0.6639		0.7091
1153		0.6639		0.7091
1154		0.6639		0.7091
1155		0.6639		0.7091
1156		0.6639		0.7091
1157		0.6639		0.7091
1158		0.6639		0.7091
1159		0.6639		0.7091
1160		0.6639		0.7090
1161		0.6639		0.7090
1162		0.6639		0.7090
1163		0.6639		0.7090
1164		0.6639		0.7090
1165		0.6639		0.7090
1166		0.6639		0.7090
1167		0.6639		0.7090
1168		0.6638		0.7090
1169		0.6638		0.7090
1170		0.6638		0.7090
1171		0.6638		0.7090
1172		0.6638		0.7090
1173		0.6638		0.7090
1174		0.6638		0.7090
1175		0.6638		0.7090
1176		0.6638		0.7090
1177		0.6638		0.7090
1178		0.6638		0.7090
1179		0.6638		0.7090
1180		0.6638		0.7090
1181		0.6638		0.7090
1182		0.6638		0.7090
1183		0.6638		0.7090
1184		0.6638		0.7090
1185		0.6638		0.7090
1186		0.6638		0.7089
1187		0.6638		0.7089
1188		0.6638		0.7089
1189		0.6638		0.7089
1190		0.6638		0.7089
1191		0.6638		0.7089
1192		0.6638		0.7089
1193		0.6638		0.7089
1194		0.6638		0.7089
1195		0.6638		0.7089
1196		0.6638		0.7089
1197		0.6638		0.7089
1198		0.6638		0.7089
1199		0.6638		0.7089
1200		0.6638		0.7089
1201		0.6638		0.7089
1202		0.6637		0.7089
1203		0.6637		0.7089
1204		0.6637		0.7089
1205		0.6637		0.7089
1206		0.6637		0.7089
1207		0.6637		0.7089
1208		0.6637		0.7089
1209		0.6637		0.7089
1210		0.6637		0.7089
1211		0.6637		0.7089
1212		0.6637		0.7088
1213		0.6637		0.7088
1214		0.6637		0.7088
1215		0.6637		0.7088
1216		0.6637		0.7088
1217		0.6637		0.7088
1218		0.6637		0.7088
1219		0.6637		0.7088
1220		0.6637		0.7088
1221		0.6637		0.7088
1222		0.6637		0.7088
1223		0.6637		0.7088
1224		0.6637		0.7088
1225		0.6637		0.7088
1226		0.6637		0.7088
1227		0.6637		0.7088
1228		0.6637		0.7088
1229		0.6637		0.7088
1230		0.6637		0.7088
1231		0.6637		0.7088
1232		0.6637		0.7088
1233		0.6637		0.7088
1234		0.6637		0.7088
1235		0.6637		0.7088
1236		0.6636		0.7088
1237		0.6636		0.7088
1238		0.6636		0.7087
1239		0.6636		0.7087
1240		0.6636		0.7087
1241		0.6636		0.7087
1242		0.6636		0.7087
1243		0.6636		0.7087
1244		0.6636		0.7087
1245		0.6636		0.7087
1246		0.6636		0.7087
1247		0.6636		0.7087
1248		0.6636		0.7087
1249		0.6636		0.7087
1250		0.6636		0.7087
1251		0.6636		0.7087
1252		0.6636		0.7087
1253		0.6636		0.7087
1254		0.6636		0.7087
1255		0.6636		0.7087
1256		0.6636		0.7087
1257		0.6636		0.7087
1258		0.6636		0.7087
1259		0.6636		0.7087
1260		0.6636		0.7087
1261		0.6636		0.7087
1262		0.6636		0.7087
1263		0.6636		0.7087
1264		0.6636		0.7087
1265		0.6636		0.7086
1266		0.6636		0.7086
1267		0.6636		0.7086
1268		0.6636		0.7086
1269		0.6636		0.7086
1270		0.6635		0.7086
1271		0.6635		0.7086
1272		0.6635		0.7086
1273		0.6635		0.7086
1274		0.6635		0.7086
1275		0.6635		0.7086
1276		0.6635		0.7086
1277		0.6635		0.7086
1278		0.6635		0.7086
1279		0.6635		0.7086
1280		0.6635		0.7086
1281		0.6635		0.7086
1282		0.6635		0.7086
1283		0.6635		0.7086
1284		0.6635		0.7086
1285		0.6635		0.7086
1286		0.6635		0.7086
1287		0.6635		0.7086
1288		0.6635		0.7086
1289		0.6635		0.7086
1290		0.6635		0.7086
1291		0.6635		0.7085
1292		0.6635		0.7085
1293		0.6635		0.7085
1294		0.6635		0.7085
1295		0.6635		0.7085
1296		0.6635		0.7085
1297		0.6635		0.7085
1298		0.6635		0.7085
1299		0.6635		0.7085
1300		0.6635		0.7085
1301		0.6635		0.7085
1302		0.6635		0.7085
1303		0.6635		0.7085
1304		0.6634		0.7085
1305		0.6634		0.7085
1306		0.6634		0.7085
1307		0.6634		0.7085
1308		0.6634		0.7085
1309		0.6634		0.7085
1310		0.6634		0.7085
1311		0.6634		0.7085
1312		0.6634		0.7085
1313		0.6634		0.7085
1314		0.6634		0.7085
1315		0.6634		0.7085
1316		0.6634		0.7085
1317		0.6634		0.7084
1318		0.6634		0.7084
1319		0.6634		0.7084
1320		0.6634		0.7084
1321		0.6634		0.7084
1322		0.6634		0.7084
1323		0.6634		0.7084
1324		0.6634		0.7084
1325		0.6634		0.7084
1326		0.6634		0.7084
1327		0.6634		0.7084
1328		0.6634		0.7084
1329		0.6634		0.7084
1330		0.6634		0.7084
1331		0.6634		0.7084
1332		0.6634		0.7084
1333		0.6634		0.7084
1334		0.6634		0.7084
1335		0.6634		0.7084
1336		0.6634		0.7084
1337		0.6634		0.7084
1338		0.6633		0.7084
1339		0.6633		0.7084
1340		0.6633		0.7084
1341		0.6633		0.7084
1342		0.6633		0.7084
1343		0.6633		0.7083
1344		0.6633		0.7083
1345		0.6633		0.7083
1346		0.6633		0.7083
1347		0.6633		0.7083
1348		0.6633		0.7083
1349		0.6633		0.7083
1350		0.6633		0.7083
1351		0.6633		0.7083
1352		0.6633		0.7083
1353		0.6633		0.7083
1354		0.6633		0.7083
1355		0.6633		0.7083
1356		0.6633		0.7083
1357		0.6633		0.7083
1358		0.6633		0.7083
1359		0.6633		0.7083
1360		0.6633		0.7083
1361		0.6633		0.7083
1362		0.6633		0.7083
1363		0.6633		0.7083
1364		0.6633		0.7083
1365		0.6633		0.7083
1366		0.6633		0.7083
1367		0.6633		0.7083
1368		0.6633		0.7083
1369		0.6633		0.7083
1370		0.6633		0.7082
1371		0.6633		0.7082
1372		0.6632		0.7082
1373		0.6632		0.7082
1374		0.6632		0.7082
1375		0.6632		0.7082
1376		0.6632		0.7082
1377		0.6632		0.7082
1378		0.6632		0.7082
1379		0.6632		0.7082
1380		0.6632		0.7082
1381		0.6632		0.7082
1382		0.6632		0.7082
1383		0.6632		0.7082
1384		0.6632		0.7082
1385		0.6632		0.7082
1386		0.6632		0.7082
1387		0.6632		0.7082
1388		0.6632		0.7082
1389		0.6632		0.7082
1390		0.6632		0.7082
1391		0.6632		0.7082
1392		0.6632		0.7082
1393		0.6632		0.7082
1394		0.6632		0.7082
1395		0.6632		0.7082
1396		0.6632		0.7081
1397		0.6632		0.7081
1398		0.6632		0.7081
1399		0.6632		0.7081
1400		0.6632		0.7081
1401		0.6632		0.7081
1402		0.6632		0.7081
1403		0.6632		0.7081
1404		0.6632		0.7081
1405		0.6632		0.7081
1406		0.6631		0.7081
1407		0.6631		0.7081
1408		0.6631		0.7081
1409		0.6631		0.7081
1410		0.6631		0.7081
1411		0.6631		0.7081
1412		0.6631		0.7081
1413		0.6631		0.7081
1414		0.6631		0.7081
1415		0.6631		0.7081
1416		0.6631		0.7081
1417		0.6631		0.7081
1418		0.6631		0.7081
1419		0.6631		0.7081
1420		0.6631		0.7081
1421		0.6631		0.7081
1422		0.6631		0.7080
1423		0.6631		0.7080
1424		0.6631		0.7080
1425		0.6631		0.7080
1426		0.6631		0.7080
1427		0.6631		0.7080
1428		0.6631		0.7080
1429		0.6631		0.7080
1430		0.6631		0.7080
1431		0.6631		0.7080
1432		0.6631		0.7080
1433		0.6631		0.7080
1434		0.6631		0.7080
1435		0.6631		0.7080
1436		0.6631		0.7080
1437		0.6631		0.7080
1438		0.6631		0.7080
1439		0.6631		0.7080
1440		0.6630		0.7080
1441		0.6630		0.7080
1442		0.6630		0.7080
1443		0.6630		0.7080
1444		0.6630		0.7080
1445		0.6630		0.7080
1446		0.6630		0.7080
1447		0.6630		0.7080
1448		0.6630		0.7079
1449		0.6630		0.7079
1450		0.6630		0.7079
1451		0.6630		0.7079
1452		0.6630		0.7079
1453		0.6630		0.7079
1454		0.6630		0.7079
1455		0.6630		0.7079
1456		0.6630		0.7079
1457		0.6630		0.7079
1458		0.6630		0.7079
1459		0.6630		0.7079
1460		0.6630		0.7079
1461		0.6630		0.7079
1462		0.6630		0.7079
1463		0.6630		0.7079
1464		0.6630		0.7079
1465		0.6630		0.7079
1466		0.6630		0.7079
1467		0.6630		0.7079
1468		0.6630		0.7079
1469		0.6630		0.7079
1470		0.6630		0.7079
1471		0.6630		0.7079
1472		0.6630		0.7079
1473		0.6630		0.7079
1474		0.6629		0.7079
1475		0.6629		0.7078
1476		0.6629		0.7078
1477		0.6629		0.7078
1478		0.6629		0.7078
1479		0.6629		0.7078
1480		0.6629		0.7078
1481		0.6629		0.7078
1482		0.6629		0.7078
1483		0.6629		0.7078
1484		0.6629		0.7078
1485		0.6629		0.7078
1486		0.6629		0.7078
1487		0.6629		0.7078
1488		0.6629		0.7078
1489		0.6629		0.7078
1490		0.6629		0.7078
1491		0.6629		0.7078
1492		0.6629		0.7078
1493		0.6629		0.7078
1494		0.6629		0.7078
1495		0.6629		0.7078
1496		0.6629		0.7078
1497		0.6629		0.7078
1498		0.6629		0.7078
1499		0.6629		0.7078
1500		0.6629		0.7078
1501		0.6629		0.7077
1502		0.6629		0.7077
1503		0.6629		0.7077
1504		0.6629		0.7077
1505		0.6629		0.7077
1506		0.6629		0.7077
1507		0.6629		0.7077
1508		0.6628		0.7077
1509		0.6628		0.7077
1510		0.6628		0.7077
1511		0.6628		0.7077
1512		0.6628		0.7077
1513		0.6628		0.7077
1514		0.6628		0.7077
1515		0.6628		0.7077
1516		0.6628		0.7077
1517		0.6628		0.7077
1518		0.6628		0.7077
1519		0.6628		0.7077
1520		0.6628		0.7077
1521		0.6628		0.7077
1522		0.6628		0.7077
1523		0.6628		0.7077
1524		0.6628		0.7077
1525		0.6628		0.7077
1526		0.6628		0.7077
1527		0.6628		0.7076
1528		0.6628		0.7076
1529		0.6628		0.7076
1530		0.6628		0.7076
1531		0.6628		0.7076
1532		0.6628		0.7076
1533		0.6628		0.7076
1534		0.6628		0.7076
1535		0.6628		0.7076
1536		0.6628		0.7076
1537		0.6628		0.7076
1538		0.6628		0.7076
1539		0.6628		0.7076
1540		0.6628		0.7076
1541		0.6628		0.7076
1542		0.6628		0.7076
1543		0.6627		0.7076
1544		0.6627		0.7076
1545		0.6627		0.7076
1546		0.6627		0.7076
1547		0.6627		0.7076
1548		0.6627		0.7076
1549		0.6627		0.7076
1550		0.6627		0.7076
1551		0.6627		0.7076
1552		0.6627		0.7076
1553		0.6627		0.7075
1554		0.6627		0.7075
1555		0.6627		0.7075
1556		0.6627		0.7075
1557		0.6627		0.7075
1558		0.6627		0.7075
1559		0.6627		0.7075
1560		0.6627		0.7075
1561		0.6627		0.7075
1562		0.6627		0.7075
1563		0.6627		0.7075
1564		0.6627		0.7075
1565		0.6627		0.7075
1566		0.6627		0.7075
1567		0.6627		0.7075
1568		0.6627		0.7075
1569		0.6627		0.7075
1570		0.6627		0.7075
1571		0.6627		0.7075
1572		0.6627		0.7075
1573		0.6627		0.7075
1574		0.6627		0.7075
1575		0.6627		0.7075
1576		0.6627		0.7075
1577		0.6626		0.7075
1578		0.6626		0.7075
1579		0.6626		0.7075
1580		0.6626		0.7074
1581		0.6626		0.7074
1582		0.6626		0.7074
1583		0.6626		0.7074
1584		0.6626		0.7074
1585		0.6626		0.7074
1586		0.6626		0.7074
1587		0.6626		0.7074
1588		0.6626		0.7074
1589		0.6626		0.7074
1590		0.6626		0.7074
1591		0.6626		0.7074
1592		0.6626		0.7074
1593		0.6626		0.7074
1594		0.6626		0.7074
1595		0.6626		0.7074
1596		0.6626		0.7074
1597		0.6626		0.7074
1598		0.6626		0.7074
1599		0.6626		0.7074
1600		0.6626		0.7074
1601		0.6626		0.7074
1602		0.6626		0.7074
1603		0.6626		0.7074
1604		0.6626		0.7074
1605		0.6626		0.7074
1606		0.6626		0.7073
1607		0.6626		0.7073
1608		0.6626		0.7073
1609		0.6626		0.7073
1610		0.6626		0.7073
1611		0.6625		0.7073
1612		0.6625		0.7073
1613		0.6625		0.7073
1614		0.6625		0.7073
1615		0.6625		0.7073
1616		0.6625		0.7073
1617		0.6625		0.7073
1618		0.6625		0.7073
1619		0.6625		0.7073
1620		0.6625		0.7073
1621		0.6625		0.7073
1622		0.6625		0.7073
1623		0.6625		0.7073
1624		0.6625		0.7073
1625		0.6625		0.7073
1626		0.6625		0.7073
1627		0.6625		0.7073
1628		0.6625		0.7073
1629		0.6625		0.7073
1630		0.6625		0.7073
1631		0.6625		0.7073
1632		0.6625		0.7072
1633		0.6625		0.7072
1634		0.6625		0.7072
1635		0.6625		0.7072
1636		0.6625		0.7072
1637		0.6625		0.7072
1638		0.6625		0.7072
1639		0.6625		0.7072
1640		0.6625		0.7072
1641		0.6625		0.7072
1642		0.6625		0.7072
1643		0.6625		0.7072
1644		0.6625		0.7072
1645		0.6624		0.7072
1646		0.6624		0.7072
1647		0.6624		0.7072
1648		0.6624		0.7072
1649		0.6624		0.7072
1650		0.6624		0.7072
1651		0.6624		0.7072
1652		0.6624		0.7072
1653		0.6624		0.7072
1654		0.6624		0.7072
1655		0.6624		0.7072
1656		0.6624		0.7072
1657		0.6624		0.7072
1658		0.6624		0.7072
1659		0.6624		0.7071
1660		0.6624		0.7071
1661		0.6624		0.7071
1662		0.6624		0.7071
1663		0.6624		0.7071
1664		0.6624		0.7071
1665		0.6624		0.7071
1666		0.6624		0.7071
1667		0.6624		0.7071
1668		0.6624		0.7071
1669		0.6624		0.7071
1670		0.6624		0.7071
1671		0.6624		0.7071
1672		0.6624		0.7071
1673		0.6624		0.7071
1674		0.6624		0.7071
1675		0.6624		0.7071
1676		0.6624		0.7071
1677		0.6624		0.7071
1678		0.6624		0.7071
1679		0.6623		0.7071
1680		0.6623		0.7071
1681		0.6623		0.7071
1682		0.6623		0.7071
1683		0.6623		0.7071
1684		0.6623		0.7071
1685		0.6623		0.7070
1686		0.6623		0.7070
1687		0.6623		0.7070
1688		0.6623		0.7070
1689		0.6623		0.7070
1690		0.6623		0.7070
1691		0.6623		0.7070
1692		0.6623		0.7070
1693		0.6623		0.7070
1694		0.6623		0.7070
1695		0.6623		0.7070
1696		0.6623		0.7070
1697		0.6623		0.7070
1698		0.6623		0.7070
1699		0.6623		0.7070
1700		0.6623		0.7070
1701		0.6623		0.7070
1702		0.6623		0.7070
1703		0.6623		0.7070
1704		0.6623		0.7070
1705		0.6623		0.7070
1706		0.6623		0.7070
1707		0.6623		0.7070
1708		0.6623		0.7070
1709		0.6623		0.7070
1710		0.6623		0.7070
1711		0.6623		0.7069
1712		0.6623		0.7069
1713		0.6623		0.7069
1714		0.6622		0.7069
1715		0.6622		0.7069
1716		0.6622		0.7069
1717		0.6622		0.7069
1718		0.6622		0.7069
1719		0.6622		0.7069
1720		0.6622		0.7069
1721		0.6622		0.7069
1722		0.6622		0.7069
1723		0.6622		0.7069
1724		0.6622		0.7069
1725		0.6622		0.7069
1726		0.6622		0.7069
1727		0.6622		0.7069
1728		0.6622		0.7069
1729		0.6622		0.7069
1730		0.6622		0.7069
1731		0.6622		0.7069
1732		0.6622		0.7069
1733		0.6622		0.7069
1734		0.6622		0.7069
1735		0.6622		0.7069
1736		0.6622		0.7069
1737		0.6622		0.7069
1738		0.6622		0.7068
1739		0.6622		0.7068
1740		0.6622		0.7068
1741		0.6622		0.7068
1742		0.6622		0.7068
1743		0.6622		0.7068
1744		0.6622		0.7068
1745		0.6622		0.7068
1746		0.6622		0.7068
1747		0.6622		0.7068
1748		0.6621		0.7068
1749		0.6621		0.7068
1750		0.6621		0.7068
1751		0.6621		0.7068
1752		0.6621		0.7068
1753		0.6621		0.7068
1754		0.6621		0.7068
1755		0.6621		0.7068
1756		0.6621		0.7068
1757		0.6621		0.7068
1758		0.6621		0.7068
1759		0.6621		0.7068
1760		0.6621		0.7068
1761		0.6621		0.7068
1762		0.6621		0.7068
1763		0.6621		0.7068
1764		0.6621		0.7067
1765		0.6621		0.7067
1766		0.6621		0.7067
1767		0.6621		0.7067
1768		0.6621		0.7067
1769		0.6621		0.7067
1770		0.6621		0.7067
1771		0.6621		0.7067
1772		0.6621		0.7067
1773		0.6621		0.7067
1774		0.6621		0.7067
1775		0.6621		0.7067
1776		0.6621		0.7067
1777		0.6621		0.7067
1778		0.6621		0.7067
1779		0.6621		0.7067
1780		0.6621		0.7067
1781		0.6621		0.7067
1782		0.6620		0.7067
1783		0.6620		0.7067
1784		0.6620		0.7067
1785		0.6620		0.7067
1786		0.6620		0.7067
1787		0.6620		0.7067
1788		0.6620		0.7067
1789		0.6620		0.7067
1790		0.6620		0.7066
1791		0.6620		0.7066
1792		0.6620		0.7066
1793		0.6620		0.7066
1794		0.6620		0.7066
1795		0.6620		0.7066
1796		0.6620		0.7066
1797		0.6620		0.7066
1798		0.6620		0.7066
1799		0.6620		0.7066
1800		0.6620		0.7066
1801		0.6620		0.7066
1802		0.6620		0.7066
1803		0.6620		0.7066
1804		0.6620		0.7066
1805		0.6620		0.7066
1806		0.6620		0.7066
1807		0.6620		0.7066
1808		0.6620		0.7066
1809		0.6620		0.7066
1810		0.6620		0.7066
1811		0.6620		0.7066
1812		0.6620		0.7066
1813		0.6620		0.7066
1814		0.6620		0.7066
1815		0.6620		0.7066
1816		0.6619		0.7066
1817		0.6619		0.7065
1818		0.6619		0.7065
1819		0.6619		0.7065
1820		0.6619		0.7065
1821		0.6619		0.7065
1822		0.6619		0.7065
1823		0.6619		0.7065
1824		0.6619		0.7065
1825		0.6619		0.7065
1826		0.6619		0.7065
1827		0.6619		0.7065
1828		0.6619		0.7065
1829		0.6619		0.7065
1830		0.6619		0.7065
1831		0.6619		0.7065
1832		0.6619		0.7065
1833		0.6619		0.7065
1834		0.6619		0.7065
1835		0.6619		0.7065
1836		0.6619		0.7065
1837		0.6619		0.7065
1838		0.6619		0.7065
1839		0.6619		0.7065
1840		0.6619		0.7065
1841		0.6619		0.7065
1842		0.6619		0.7065
1843		0.6619		0.7064
1844		0.6619		0.7064
1845		0.6619		0.7064
1846		0.6619		0.7064
1847		0.6619		0.7064
1848		0.6619		0.7064
1849		0.6619		0.7064
1850		0.6618		0.7064
1851		0.6618		0.7064
1852		0.6618		0.7064
1853		0.6618		0.7064
1854		0.6618		0.7064
1855		0.6618		0.7064
1856		0.6618		0.7064
1857		0.6618		0.7064
1858		0.6618		0.7064
1859		0.6618		0.7064
1860		0.6618		0.7064
1861		0.6618		0.7064
1862		0.6618		0.7064
1863		0.6618		0.7064
1864		0.6618		0.7064
1865		0.6618		0.7064
1866		0.6618		0.7064
1867		0.6618		0.7064
1868		0.6618		0.7064
1869		0.6618		0.7063
1870		0.6618		0.7063
1871		0.6618		0.7063
1872		0.6618		0.7063
1873		0.6618		0.7063
1874		0.6618		0.7063
1875		0.6618		0.7063
1876		0.6618		0.7063
1877		0.6618		0.7063
1878		0.6618		0.7063
1879		0.6618		0.7063
1880		0.6618		0.7063
1881		0.6618		0.7063
1882		0.6618		0.7063
1883		0.6618		0.7063
1884		0.6618		0.7063
1885		0.6617		0.7063
1886		0.6617		0.7063
1887		0.6617		0.7063
1888		0.6617		0.7063
1889		0.6617		0.7063
1890		0.6617		0.7063
1891		0.6617		0.7063
1892		0.6617		0.7063
1893		0.6617		0.7063
1894		0.6617		0.7063
1895		0.6617		0.7063
1896		0.6617		0.7062
1897		0.6617		0.7062
1898		0.6617		0.7062
1899		0.6617		0.7062
1900		0.6617		0.7062
1901		0.6617		0.7062
1902		0.6617		0.7062
1903		0.6617		0.7062
1904		0.6617		0.7062
1905		0.6617		0.7062
1906		0.6617		0.7062
1907		0.6617		0.7062
1908		0.6617		0.7062
1909		0.6617		0.7062
1910		0.6617		0.7062
1911		0.6617		0.7062
1912		0.6617		0.7062
1913		0.6617		0.7062
1914		0.6617		0.7062
1915		0.6617		0.7062
1916		0.6617		0.7062
1917		0.6617		0.7062
1918		0.6617		0.7062
1919		0.6616		0.7062
1920		0.6616		0.7062
1921		0.6616		0.7062
1922		0.6616		0.7061
1923		0.6616		0.7061
1924		0.6616		0.7061
1925		0.6616		0.7061
1926		0.6616		0.7061
1927		0.6616		0.7061
1928		0.6616		0.7061
1929		0.6616		0.7061
1930		0.6616		0.7061
1931		0.6616		0.7061
1932		0.6616		0.7061
1933		0.6616		0.7061
1934		0.6616		0.7061
1935		0.6616		0.7061
1936		0.6616		0.7061
1937		0.6616		0.7061
1938		0.6616		0.7061
1939		0.6616		0.7061
1940		0.6616		0.7061
1941		0.6616		0.7061
1942		0.6616		0.7061
1943		0.6616		0.7061
1944		0.6616		0.7061
1945		0.6616		0.7061
1946		0.6616		0.7061
1947		0.6616		0.7061
1948		0.6616		0.7061
1949		0.6616		0.7060
1950		0.6616		0.7060
1951		0.6616		0.7060
1952		0.6616		0.7060
1953		0.6615		0.7060
1954		0.6615		0.7060
1955		0.6615		0.7060
1956		0.6615		0.7060
1957		0.6615		0.7060
1958		0.6615		0.7060
1959		0.6615		0.7060
1960		0.6615		0.7060
1961		0.6615		0.7060
1962		0.6615		0.7060
1963		0.6615		0.7060
1964		0.6615		0.7060
1965		0.6615		0.7060
1966		0.6615		0.7060
1967		0.6615		0.7060
1968		0.6615		0.7060
1969		0.6615		0.7060
1970		0.6615		0.7060
1971		0.6615		0.7060
1972		0.6615		0.7060
1973		0.6615		0.7060
1974		0.6615		0.7060
1975		0.6615		0.7059
1976		0.6615		0.7059
1977		0.6615		0.7059
1978		0.6615		0.7059
1979		0.6615		0.7059
1980		0.6615		0.7059
1981		0.6615		0.7059
1982		0.6615		0.7059
1983		0.6615		0.7059
1984		0.6615		0.7059
1985		0.6615		0.7059
1986		0.6615		0.7059
1987		0.6615		0.7059
1988		0.6614		0.7059
1989		0.6614		0.7059
1990		0.6614		0.7059
1991		0.6614		0.7059
1992		0.6614		0.7059
1993		0.6614		0.7059
1994		0.6614		0.7059
1995		0.6614		0.7059
1996		0.6614		0.7059
1997		0.6614		0.7059
1998		0.6614		0.7059
1999		0.6614		0.7059
2000		0.6614		0.7059
