Epoch	Training Loss	Validation Loss
1		0.6915		0.6866
2		0.6868		0.6814
3		0.6831		0.6773
4		0.6802		0.6741
5		0.6780		0.6715
6		0.6763		0.6694
7		0.6749		0.6678
8		0.6738		0.6665
9		0.6729		0.6654
10		0.6722		0.6646
11		0.6717		0.6640
12		0.6712		0.6635
13		0.6708		0.6631
14		0.6705		0.6629
15		0.6702		0.6627
16		0.6700		0.6626
17		0.6698		0.6625
18		0.6696		0.6625
19		0.6694		0.6625
20		0.6692		0.6626
21		0.6691		0.6627
22		0.6689		0.6628
23		0.6688		0.6629
24		0.6687		0.6630
25		0.6686		0.6632
26		0.6684		0.6634
27		0.6683		0.6636
28		0.6682		0.6638
29		0.6681		0.6640
30		0.6680		0.6642
31		0.6679		0.6644
32		0.6678		0.6646
33		0.6677		0.6648
34		0.6676		0.6651
35		0.6675		0.6653
36		0.6674		0.6655
37		0.6673		0.6658
38		0.6672		0.6660
39		0.6671		0.6663
40		0.6670		0.6665
41		0.6669		0.6667
42		0.6669		0.6670
43		0.6668		0.6672
44		0.6667		0.6675
45		0.6666		0.6677
46		0.6665		0.6679
47		0.6664		0.6682
48		0.6663		0.6684
49		0.6663		0.6687
50		0.6662		0.6689
51		0.6661		0.6691
52		0.6660		0.6694
53		0.6659		0.6696
54		0.6659		0.6699
55		0.6658		0.6701
56		0.6657		0.6703
57		0.6656		0.6706
58		0.6656		0.6708
59		0.6655		0.6710
60		0.6654		0.6713
61		0.6654		0.6715
62		0.6653		0.6717
63		0.6652		0.6720
64		0.6651		0.6722
65		0.6651		0.6724
66		0.6650		0.6726
67		0.6649		0.6729
68		0.6649		0.6731
69		0.6648		0.6733
70		0.6647		0.6735
71		0.6647		0.6738
72		0.6646		0.6740
73		0.6646		0.6742
74		0.6645		0.6744
75		0.6644		0.6746
76		0.6644		0.6749
77		0.6643		0.6751
78		0.6643		0.6753
79		0.6642		0.6755
80		0.6641		0.6757
81		0.6641		0.6759
82		0.6640		0.6761
83		0.6640		0.6763
84		0.6639		0.6766
85		0.6639		0.6768
86		0.6638		0.6770
87		0.6638		0.6772
88		0.6637		0.6774
89		0.6637		0.6776
90		0.6636		0.6778
91		0.6636		0.6780
92		0.6635		0.6782
93		0.6635		0.6784
94		0.6634		0.6786
95		0.6634		0.6788
96		0.6633		0.6790
97		0.6633		0.6792
98		0.6632		0.6794
99		0.6632		0.6796
100		0.6631		0.6798
101		0.6631		0.6800
102		0.6630		0.6801
103		0.6630		0.6803
104		0.6629		0.6805
105		0.6629		0.6807
106		0.6629		0.6809
107		0.6628		0.6811
108		0.6628		0.6813
109		0.6627		0.6815
110		0.6627		0.6816
111		0.6627		0.6818
112		0.6626		0.6820
113		0.6626		0.6822
114		0.6625		0.6824
115		0.6625		0.6826
116		0.6625		0.6827
117		0.6624		0.6829
118		0.6624		0.6831
119		0.6624		0.6833
120		0.6623		0.6834
121		0.6623		0.6836
122		0.6622		0.6838
123		0.6622		0.6840
124		0.6622		0.6841
125		0.6621		0.6843
126		0.6621		0.6845
127		0.6621		0.6846
128		0.6620		0.6848
129		0.6620		0.6850
130		0.6620		0.6851
131		0.6619		0.6853
132		0.6619		0.6855
133		0.6619		0.6856
134		0.6619		0.6858
135		0.6618		0.6860
136		0.6618		0.6861
137		0.6618		0.6863
138		0.6617		0.6864
139		0.6617		0.6866
140		0.6617		0.6868
141		0.6616		0.6869
142		0.6616		0.6871
143		0.6616		0.6872
144		0.6616		0.6874
145		0.6615		0.6875
146		0.6615		0.6877
147		0.6615		0.6878
148		0.6615		0.6880
149		0.6614		0.6881
150		0.6614		0.6883
151		0.6614		0.6884
152		0.6614		0.6886
153		0.6613		0.6887
154		0.6613		0.6889
155		0.6613		0.6890
156		0.6613		0.6892
157		0.6612		0.6893
158		0.6612		0.6895
159		0.6612		0.6896
160		0.6612		0.6898
161		0.6611		0.6899
162		0.6611		0.6900
163		0.6611		0.6902
164		0.6611		0.6903
165		0.6611		0.6905
166		0.6610		0.6906
167		0.6610		0.6907
168		0.6610		0.6909
169		0.6610		0.6910
170		0.6610		0.6912
171		0.6609		0.6913
172		0.6609		0.6914
173		0.6609		0.6916
174		0.6609		0.6917
175		0.6609		0.6918
176		0.6608		0.6920
177		0.6608		0.6921
178		0.6608		0.6922
179		0.6608		0.6923
180		0.6608		0.6925
181		0.6607		0.6926
182		0.6607		0.6927
183		0.6607		0.6929
184		0.6607		0.6930
185		0.6607		0.6931
186		0.6607		0.6932
187		0.6606		0.6934
188		0.6606		0.6935
189		0.6606		0.6936
190		0.6606		0.6937
191		0.6606		0.6938
192		0.6606		0.6940
193		0.6605		0.6941
194		0.6605		0.6942
195		0.6605		0.6943
196		0.6605		0.6944
197		0.6605		0.6946
198		0.6605		0.6947
199		0.6605		0.6948
200		0.6604		0.6949
201		0.6604		0.6950
202		0.6604		0.6951
203		0.6604		0.6953
204		0.6604		0.6954
205		0.6604		0.6955
206		0.6604		0.6956
207		0.6603		0.6957
208		0.6603		0.6958
209		0.6603		0.6959
210		0.6603		0.6960
211		0.6603		0.6961
212		0.6603		0.6963
213		0.6603		0.6964
214		0.6602		0.6965
215		0.6602		0.6966
216		0.6602		0.6967
217		0.6602		0.6968
218		0.6602		0.6969
219		0.6602		0.6970
220		0.6602		0.6971
221		0.6602		0.6972
222		0.6602		0.6973
223		0.6601		0.6974
224		0.6601		0.6975
225		0.6601		0.6976
226		0.6601		0.6977
227		0.6601		0.6978
228		0.6601		0.6979
229		0.6601		0.6980
230		0.6601		0.6981
231		0.6601		0.6982
232		0.6600		0.6983
233		0.6600		0.6984
234		0.6600		0.6985
235		0.6600		0.6986
236		0.6600		0.6987
237		0.6600		0.6988
238		0.6600		0.6989
239		0.6600		0.6990
240		0.6600		0.6991
241		0.6600		0.6992
242		0.6600		0.6993
243		0.6599		0.6994
244		0.6599		0.6995
245		0.6599		0.6995
246		0.6599		0.6996
247		0.6599		0.6997
248		0.6599		0.6998
249		0.6599		0.6999
250		0.6599		0.7000
251		0.6599		0.7001
252		0.6599		0.7002
253		0.6599		0.7003
254		0.6598		0.7003
255		0.6598		0.7004
256		0.6598		0.7005
257		0.6598		0.7006
258		0.6598		0.7007
259		0.6598		0.7008
260		0.6598		0.7009
261		0.6598		0.7009
262		0.6598		0.7010
263		0.6598		0.7011
264		0.6598		0.7012
265		0.6598		0.7013
266		0.6598		0.7014
267		0.6598		0.7014
268		0.6597		0.7015
269		0.6597		0.7016
270		0.6597		0.7017
271		0.6597		0.7018
272		0.6597		0.7018
273		0.6597		0.7019
274		0.6597		0.7020
275		0.6597		0.7021
276		0.6597		0.7021
277		0.6597		0.7022
278		0.6597		0.7023
279		0.6597		0.7024
280		0.6597		0.7024
281		0.6597		0.7025
282		0.6597		0.7026
283		0.6597		0.7027
284		0.6596		0.7027
285		0.6596		0.7028
286		0.6596		0.7029
287		0.6596		0.7030
288		0.6596		0.7030
289		0.6596		0.7031
290		0.6596		0.7032
291		0.6596		0.7033
292		0.6596		0.7033
293		0.6596		0.7034
294		0.6596		0.7035
295		0.6596		0.7035
296		0.6596		0.7036
297		0.6596		0.7037
298		0.6596		0.7037
299		0.6596		0.7038
300		0.6596		0.7039
301		0.6596		0.7039
302		0.6596		0.7040
303		0.6595		0.7041
304		0.6595		0.7041
305		0.6595		0.7042
306		0.6595		0.7043
307		0.6595		0.7043
308		0.6595		0.7044
309		0.6595		0.7045
310		0.6595		0.7045
311		0.6595		0.7046
312		0.6595		0.7047
313		0.6595		0.7047
314		0.6595		0.7048
315		0.6595		0.7049
316		0.6595		0.7049
317		0.6595		0.7050
318		0.6595		0.7050
319		0.6595		0.7051
320		0.6595		0.7052
321		0.6595		0.7052
322		0.6595		0.7053
323		0.6595		0.7053
324		0.6595		0.7054
325		0.6595		0.7055
326		0.6595		0.7055
327		0.6594		0.7056
328		0.6594		0.7056
329		0.6594		0.7057
330		0.6594		0.7057
331		0.6594		0.7058
332		0.6594		0.7059
333		0.6594		0.7059
334		0.6594		0.7060
335		0.6594		0.7060
336		0.6594		0.7061
337		0.6594		0.7061
338		0.6594		0.7062
339		0.6594		0.7063
340		0.6594		0.7063
341		0.6594		0.7064
342		0.6594		0.7064
343		0.6594		0.7065
344		0.6594		0.7065
345		0.6594		0.7066
346		0.6594		0.7066
347		0.6594		0.7067
348		0.6594		0.7067
349		0.6594		0.7068
350		0.6594		0.7068
351		0.6594		0.7069
352		0.6594		0.7069
353		0.6594		0.7070
354		0.6594		0.7070
355		0.6594		0.7071
356		0.6594		0.7071
357		0.6594		0.7072
358		0.6594		0.7072
359		0.6593		0.7073
360		0.6593		0.7073
361		0.6593		0.7074
362		0.6593		0.7074
363		0.6593		0.7075
364		0.6593		0.7075
365		0.6593		0.7076
366		0.6593		0.7076
367		0.6593		0.7077
368		0.6593		0.7077
369		0.6593		0.7078
370		0.6593		0.7078
371		0.6593		0.7079
372		0.6593		0.7079
373		0.6593		0.7079
374		0.6593		0.7080
375		0.6593		0.7080
376		0.6593		0.7081
377		0.6593		0.7081
378		0.6593		0.7082
379		0.6593		0.7082
380		0.6593		0.7083
381		0.6593		0.7083
382		0.6593		0.7083
383		0.6593		0.7084
384		0.6593		0.7084
385		0.6593		0.7085
386		0.6593		0.7085
387		0.6593		0.7086
388		0.6593		0.7086
389		0.6593		0.7086
390		0.6593		0.7087
391		0.6593		0.7087
392		0.6593		0.7088
393		0.6593		0.7088
394		0.6593		0.7088
395		0.6593		0.7089
396		0.6593		0.7089
397		0.6593		0.7090
398		0.6593		0.7090
399		0.6593		0.7090
400		0.6593		0.7091
401		0.6593		0.7091
402		0.6593		0.7092
403		0.6593		0.7092
404		0.6593		0.7092
405		0.6593		0.7093
406		0.6592		0.7093
407		0.6592		0.7094
408		0.6592		0.7094
409		0.6592		0.7094
410		0.6592		0.7095
411		0.6592		0.7095
412		0.6592		0.7095
413		0.6592		0.7096
414		0.6592		0.7096
415		0.6592		0.7096
416		0.6592		0.7097
417		0.6592		0.7097
418		0.6592		0.7098
419		0.6592		0.7098
420		0.6592		0.7098
421		0.6592		0.7099
422		0.6592		0.7099
423		0.6592		0.7099
424		0.6592		0.7100
425		0.6592		0.7100
426		0.6592		0.7100
427		0.6592		0.7101
428		0.6592		0.7101
429		0.6592		0.7101
430		0.6592		0.7102
431		0.6592		0.7102
432		0.6592		0.7102
433		0.6592		0.7103
434		0.6592		0.7103
435		0.6592		0.7103
436		0.6592		0.7104
437		0.6592		0.7104
438		0.6592		0.7104
439		0.6592		0.7105
440		0.6592		0.7105
441		0.6592		0.7105
442		0.6592		0.7105
443		0.6592		0.7106
444		0.6592		0.7106
445		0.6592		0.7106
446		0.6592		0.7107
447		0.6592		0.7107
448		0.6592		0.7107
449		0.6592		0.7108
450		0.6592		0.7108
451		0.6592		0.7108
452		0.6592		0.7108
453		0.6592		0.7109
454		0.6592		0.7109
455		0.6592		0.7109
456		0.6592		0.7110
457		0.6592		0.7110
458		0.6592		0.7110
459		0.6592		0.7110
460		0.6592		0.7111
461		0.6592		0.7111
462		0.6592		0.7111
463		0.6592		0.7112
464		0.6592		0.7112
465		0.6592		0.7112
466		0.6592		0.7112
467		0.6592		0.7113
468		0.6592		0.7113
469		0.6592		0.7113
470		0.6592		0.7113
471		0.6592		0.7114
472		0.6592		0.7114
473		0.6592		0.7114
474		0.6592		0.7115
475		0.6592		0.7115
476		0.6592		0.7115
477		0.6592		0.7115
478		0.6592		0.7116
479		0.6592		0.7116
480		0.6592		0.7116
481		0.6592		0.7116
482		0.6592		0.7117
483		0.6592		0.7117
484		0.6592		0.7117
485		0.6592		0.7117
486		0.6592		0.7118
487		0.6592		0.7118
488		0.6592		0.7118
489		0.6591		0.7118
490		0.6591		0.7118
491		0.6591		0.7119
492		0.6591		0.7119
493		0.6591		0.7119
494		0.6591		0.7119
495		0.6591		0.7120
496		0.6591		0.7120
497		0.6591		0.7120
498		0.6591		0.7120
499		0.6591		0.7121
500		0.6591		0.7121
501		0.6591		0.7121
502		0.6591		0.7121
503		0.6591		0.7121
504		0.6591		0.7122
505		0.6591		0.7122
506		0.6591		0.7122
507		0.6591		0.7122
508		0.6591		0.7123
509		0.6591		0.7123
510		0.6591		0.7123
511		0.6591		0.7123
512		0.6591		0.7123
513		0.6591		0.7124
514		0.6591		0.7124
515		0.6591		0.7124
516		0.6591		0.7124
517		0.6591		0.7124
518		0.6591		0.7125
519		0.6591		0.7125
520		0.6591		0.7125
521		0.6591		0.7125
522		0.6591		0.7125
523		0.6591		0.7126
524		0.6591		0.7126
525		0.6591		0.7126
526		0.6591		0.7126
527		0.6591		0.7126
528		0.6591		0.7127
529		0.6591		0.7127
530		0.6591		0.7127
531		0.6591		0.7127
532		0.6591		0.7127
533		0.6591		0.7128
534		0.6591		0.7128
535		0.6591		0.7128
536		0.6591		0.7128
537		0.6591		0.7128
538		0.6591		0.7128
539		0.6591		0.7129
540		0.6591		0.7129
541		0.6591		0.7129
542		0.6591		0.7129
543		0.6591		0.7129
544		0.6591		0.7129
545		0.6591		0.7130
546		0.6591		0.7130
547		0.6591		0.7130
548		0.6591		0.7130
549		0.6591		0.7130
550		0.6591		0.7131
551		0.6591		0.7131
552		0.6591		0.7131
553		0.6591		0.7131
554		0.6591		0.7131
555		0.6591		0.7131
556		0.6591		0.7132
557		0.6591		0.7132
558		0.6591		0.7132
559		0.6591		0.7132
560		0.6591		0.7132
561		0.6591		0.7132
562		0.6591		0.7132
563		0.6591		0.7133
564		0.6591		0.7133
565		0.6591		0.7133
566		0.6591		0.7133
567		0.6591		0.7133
568		0.6591		0.7133
569		0.6591		0.7134
570		0.6591		0.7134
571		0.6591		0.7134
572		0.6591		0.7134
573		0.6591		0.7134
574		0.6591		0.7134
575		0.6591		0.7134
576		0.6591		0.7135
577		0.6591		0.7135
578		0.6591		0.7135
579		0.6591		0.7135
580		0.6591		0.7135
581		0.6591		0.7135
582		0.6591		0.7135
583		0.6591		0.7136
584		0.6591		0.7136
585		0.6591		0.7136
586		0.6591		0.7136
587		0.6591		0.7136
588		0.6591		0.7136
589		0.6591		0.7136
590		0.6591		0.7137
591		0.6591		0.7137
592		0.6591		0.7137
593		0.6591		0.7137
594		0.6591		0.7137
595		0.6591		0.7137
596		0.6591		0.7137
597		0.6591		0.7137
598		0.6591		0.7138
599		0.6591		0.7138
600		0.6591		0.7138
601		0.6591		0.7138
602		0.6591		0.7138
603		0.6591		0.7138
604		0.6591		0.7138
605		0.6591		0.7138
606		0.6591		0.7139
607		0.6591		0.7139
608		0.6591		0.7139
609		0.6591		0.7139
610		0.6591		0.7139
611		0.6591		0.7139
612		0.6591		0.7139
613		0.6591		0.7139
614		0.6591		0.7140
615		0.6591		0.7140
616		0.6591		0.7140
617		0.6591		0.7140
618		0.6591		0.7140
619		0.6591		0.7140
620		0.6591		0.7140
621		0.6591		0.7140
622		0.6591		0.7140
623		0.6591		0.7141
624		0.6591		0.7141
625		0.6591		0.7141
626		0.6591		0.7141
627		0.6591		0.7141
628		0.6591		0.7141
629		0.6591		0.7141
630		0.6591		0.7141
631		0.6591		0.7141
632		0.6591		0.7142
633		0.6591		0.7142
634		0.6591		0.7142
635		0.6591		0.7142
636		0.6591		0.7142
637		0.6591		0.7142
638		0.6591		0.7142
639		0.6591		0.7142
640		0.6591		0.7142
641		0.6591		0.7142
642		0.6591		0.7143
643		0.6591		0.7143
644		0.6591		0.7143
645		0.6591		0.7143
646		0.6591		0.7143
647		0.6591		0.7143
648		0.6591		0.7143
649		0.6591		0.7143
650		0.6591		0.7143
651		0.6591		0.7143
652		0.6591		0.7144
653		0.6591		0.7144
654		0.6591		0.7144
655		0.6591		0.7144
656		0.6591		0.7144
657		0.6591		0.7144
658		0.6591		0.7144
659		0.6591		0.7144
660		0.6591		0.7144
661		0.6591		0.7144
662		0.6591		0.7144
663		0.6591		0.7145
664		0.6591		0.7145
665		0.6591		0.7145
666		0.6591		0.7145
667		0.6591		0.7145
668		0.6591		0.7145
669		0.6591		0.7145
670		0.6591		0.7145
671		0.6591		0.7145
672		0.6591		0.7145
673		0.6591		0.7145
674		0.6591		0.7146
675		0.6591		0.7146
676		0.6591		0.7146
677		0.6591		0.7146
678		0.6591		0.7146
679		0.6591		0.7146
680		0.6591		0.7146
681		0.6591		0.7146
682		0.6590		0.7146
683		0.6590		0.7146
684		0.6590		0.7146
685		0.6590		0.7146
686		0.6590		0.7146
687		0.6590		0.7147
688		0.6590		0.7147
689		0.6590		0.7147
690		0.6590		0.7147
691		0.6590		0.7147
692		0.6590		0.7147
693		0.6590		0.7147
694		0.6590		0.7147
695		0.6590		0.7147
696		0.6590		0.7147
697		0.6590		0.7147
698		0.6590		0.7147
699		0.6590		0.7147
700		0.6590		0.7147
701		0.6590		0.7148
702		0.6590		0.7148
703		0.6590		0.7148
704		0.6590		0.7148
705		0.6590		0.7148
706		0.6590		0.7148
707		0.6590		0.7148
708		0.6590		0.7148
709		0.6590		0.7148
710		0.6590		0.7148
711		0.6590		0.7148
712		0.6590		0.7148
713		0.6590		0.7148
714		0.6590		0.7148
715		0.6590		0.7149
716		0.6590		0.7149
717		0.6590		0.7149
718		0.6590		0.7149
719		0.6590		0.7149
720		0.6590		0.7149
721		0.6590		0.7149
722		0.6590		0.7149
723		0.6590		0.7149
724		0.6590		0.7149
725		0.6590		0.7149
726		0.6590		0.7149
727		0.6590		0.7149
728		0.6590		0.7149
729		0.6590		0.7149
730		0.6590		0.7149
731		0.6590		0.7150
732		0.6590		0.7150
733		0.6590		0.7150
734		0.6590		0.7150
735		0.6590		0.7150
736		0.6590		0.7150
737		0.6590		0.7150
738		0.6590		0.7150
739		0.6590		0.7150
740		0.6590		0.7150
741		0.6590		0.7150
742		0.6590		0.7150
743		0.6590		0.7150
744		0.6590		0.7150
745		0.6590		0.7150
746		0.6590		0.7150
747		0.6590		0.7150
748		0.6590		0.7150
749		0.6590		0.7151
750		0.6590		0.7151
751		0.6590		0.7151
752		0.6590		0.7151
753		0.6590		0.7151
754		0.6590		0.7151
755		0.6590		0.7151
756		0.6590		0.7151
757		0.6590		0.7151
758		0.6590		0.7151
759		0.6590		0.7151
760		0.6590		0.7151
761		0.6590		0.7151
762		0.6590		0.7151
763		0.6590		0.7151
764		0.6590		0.7151
765		0.6590		0.7151
766		0.6590		0.7151
767		0.6590		0.7151
768		0.6590		0.7151
769		0.6590		0.7152
770		0.6590		0.7152
771		0.6590		0.7152
772		0.6590		0.7152
773		0.6590		0.7152
774		0.6590		0.7152
775		0.6590		0.7152
776		0.6590		0.7152
777		0.6590		0.7152
778		0.6590		0.7152
779		0.6590		0.7152
780		0.6590		0.7152
781		0.6590		0.7152
782		0.6590		0.7152
783		0.6590		0.7152
784		0.6590		0.7152
785		0.6590		0.7152
786		0.6590		0.7152
787		0.6590		0.7152
788		0.6590		0.7152
789		0.6590		0.7152
790		0.6590		0.7152
791		0.6590		0.7153
792		0.6590		0.7153
793		0.6590		0.7153
794		0.6590		0.7153
795		0.6590		0.7153
796		0.6590		0.7153
797		0.6590		0.7153
798		0.6590		0.7153
799		0.6590		0.7153
800		0.6590		0.7153
801		0.6590		0.7153
802		0.6590		0.7153
803		0.6590		0.7153
804		0.6590		0.7153
805		0.6590		0.7153
806		0.6590		0.7153
807		0.6590		0.7153
808		0.6590		0.7153
809		0.6590		0.7153
810		0.6590		0.7153
811		0.6590		0.7153
812		0.6590		0.7153
813		0.6590		0.7153
814		0.6590		0.7153
815		0.6590		0.7153
816		0.6590		0.7153
817		0.6590		0.7154
818		0.6590		0.7154
819		0.6590		0.7154
820		0.6590		0.7154
821		0.6590		0.7154
822		0.6590		0.7154
823		0.6590		0.7154
824		0.6590		0.7154
825		0.6590		0.7154
826		0.6590		0.7154
827		0.6590		0.7154
828		0.6590		0.7154
829		0.6590		0.7154
830		0.6590		0.7154
831		0.6590		0.7154
832		0.6590		0.7154
833		0.6590		0.7154
834		0.6590		0.7154
835		0.6590		0.7154
836		0.6590		0.7154
837		0.6590		0.7154
838		0.6590		0.7154
839		0.6590		0.7154
840		0.6590		0.7154
841		0.6590		0.7154
842		0.6590		0.7154
843		0.6590		0.7154
844		0.6590		0.7154
845		0.6590		0.7154
846		0.6590		0.7154
847		0.6590		0.7154
848		0.6590		0.7154
849		0.6590		0.7155
850		0.6590		0.7155
851		0.6590		0.7155
852		0.6590		0.7155
853		0.6590		0.7155
854		0.6590		0.7155
855		0.6590		0.7155
856		0.6590		0.7155
857		0.6590		0.7155
858		0.6590		0.7155
859		0.6590		0.7155
860		0.6590		0.7155
861		0.6590		0.7155
862		0.6590		0.7155
863		0.6590		0.7155
864		0.6590		0.7155
865		0.6590		0.7155
866		0.6590		0.7155
867		0.6590		0.7155
868		0.6590		0.7155
869		0.6590		0.7155
870		0.6590		0.7155
871		0.6590		0.7155
872		0.6590		0.7155
873		0.6590		0.7155
874		0.6590		0.7155
875		0.6590		0.7155
876		0.6590		0.7155
877		0.6590		0.7155
878		0.6590		0.7155
879		0.6590		0.7155
880		0.6590		0.7155
881		0.6590		0.7155
882		0.6590		0.7155
883		0.6590		0.7155
884		0.6590		0.7155
885		0.6590		0.7155
886		0.6590		0.7155
887		0.6590		0.7156
888		0.6590		0.7156
889		0.6590		0.7156
890		0.6590		0.7156
891		0.6590		0.7156
892		0.6590		0.7156
893		0.6590		0.7156
894		0.6590		0.7156
895		0.6590		0.7156
896		0.6590		0.7156
897		0.6590		0.7156
898		0.6590		0.7156
899		0.6590		0.7156
900		0.6590		0.7156
901		0.6590		0.7156
902		0.6590		0.7156
903		0.6590		0.7156
904		0.6590		0.7156
905		0.6590		0.7156
906		0.6590		0.7156
907		0.6590		0.7156
908		0.6590		0.7156
909		0.6590		0.7156
910		0.6590		0.7156
911		0.6590		0.7156
912		0.6590		0.7156
913		0.6590		0.7156
914		0.6590		0.7156
915		0.6590		0.7156
916		0.6590		0.7156
917		0.6590		0.7156
918		0.6590		0.7156
919		0.6590		0.7156
920		0.6590		0.7156
921		0.6590		0.7156
922		0.6590		0.7156
923		0.6590		0.7156
924		0.6590		0.7156
925		0.6590		0.7156
926		0.6590		0.7156
927		0.6590		0.7156
928		0.6590		0.7156
929		0.6590		0.7156
930		0.6590		0.7156
931		0.6590		0.7156
932		0.6590		0.7156
933		0.6590		0.7156
934		0.6590		0.7156
935		0.6590		0.7156
936		0.6590		0.7156
937		0.6590		0.7156
938		0.6590		0.7156
939		0.6590		0.7157
940		0.6590		0.7157
941		0.6590		0.7157
942		0.6590		0.7157
943		0.6590		0.7157
944		0.6590		0.7157
945		0.6590		0.7157
946		0.6590		0.7157
947		0.6590		0.7157
948		0.6590		0.7157
949		0.6590		0.7157
950		0.6590		0.7157
951		0.6590		0.7157
952		0.6590		0.7157
953		0.6590		0.7157
954		0.6590		0.7157
955		0.6590		0.7157
956		0.6590		0.7157
957		0.6590		0.7157
958		0.6590		0.7157
959		0.6590		0.7157
960		0.6590		0.7157
961		0.6590		0.7157
962		0.6590		0.7157
963		0.6590		0.7157
964		0.6590		0.7157
965		0.6590		0.7157
966		0.6590		0.7157
967		0.6590		0.7157
968		0.6590		0.7157
969		0.6590		0.7157
970		0.6590		0.7157
971		0.6590		0.7157
972		0.6590		0.7157
973		0.6590		0.7157
974		0.6590		0.7157
975		0.6590		0.7157
976		0.6590		0.7157
977		0.6590		0.7157
978		0.6590		0.7157
979		0.6590		0.7157
980		0.6590		0.7157
981		0.6590		0.7157
982		0.6590		0.7157
983		0.6590		0.7157
984		0.6590		0.7157
985		0.6590		0.7157
986		0.6590		0.7157
987		0.6590		0.7157
988		0.6590		0.7157
989		0.6590		0.7157
990		0.6590		0.7157
991		0.6590		0.7157
992		0.6590		0.7157
993		0.6590		0.7157
994		0.6590		0.7157
995		0.6590		0.7157
996		0.6590		0.7157
997		0.6590		0.7157
998		0.6590		0.7157
999		0.6590		0.7157
1000		0.6590		0.7157
1001		0.6590		0.7157
1002		0.6590		0.7157
1003		0.6590		0.7157
1004		0.6590		0.7157
1005		0.6590		0.7157
1006		0.6590		0.7157
1007		0.6589		0.7157
1008		0.6589		0.7157
1009		0.6589		0.7157
1010		0.6589		0.7157
1011		0.6589		0.7157
1012		0.6589		0.7157
1013		0.6589		0.7157
1014		0.6589		0.7157
1015		0.6589		0.7157
1016		0.6589		0.7157
1017		0.6589		0.7157
1018		0.6589		0.7157
1019		0.6589		0.7157
1020		0.6589		0.7157
1021		0.6589		0.7157
1022		0.6589		0.7158
1023		0.6589		0.7158
1024		0.6589		0.7158
1025		0.6589		0.7158
1026		0.6589		0.7158
1027		0.6589		0.7158
1028		0.6589		0.7158
1029		0.6589		0.7158
1030		0.6589		0.7158
1031		0.6589		0.7158
1032		0.6589		0.7158
1033		0.6589		0.7158
1034		0.6589		0.7158
1035		0.6589		0.7158
1036		0.6589		0.7158
1037		0.6589		0.7158
1038		0.6589		0.7158
1039		0.6589		0.7158
1040		0.6589		0.7158
1041		0.6589		0.7158
1042		0.6589		0.7158
1043		0.6589		0.7158
1044		0.6589		0.7158
1045		0.6589		0.7158
1046		0.6589		0.7158
1047		0.6589		0.7158
1048		0.6589		0.7158
1049		0.6589		0.7158
1050		0.6589		0.7158
1051		0.6589		0.7158
1052		0.6589		0.7158
1053		0.6589		0.7158
1054		0.6589		0.7158
1055		0.6589		0.7158
1056		0.6589		0.7158
1057		0.6589		0.7158
1058		0.6589		0.7158
1059		0.6589		0.7158
1060		0.6589		0.7158
1061		0.6589		0.7158
1062		0.6589		0.7158
1063		0.6589		0.7158
1064		0.6589		0.7158
1065		0.6589		0.7158
1066		0.6589		0.7158
1067		0.6589		0.7158
1068		0.6589		0.7158
1069		0.6589		0.7158
1070		0.6589		0.7158
1071		0.6589		0.7158
1072		0.6589		0.7158
1073		0.6589		0.7158
1074		0.6589		0.7158
1075		0.6589		0.7158
1076		0.6589		0.7158
1077		0.6589		0.7158
1078		0.6589		0.7158
1079		0.6589		0.7158
1080		0.6589		0.7158
1081		0.6589		0.7158
1082		0.6589		0.7158
1083		0.6589		0.7158
1084		0.6589		0.7158
1085		0.6589		0.7158
1086		0.6589		0.7158
1087		0.6589		0.7158
1088		0.6589		0.7158
1089		0.6589		0.7158
1090		0.6589		0.7158
1091		0.6589		0.7158
1092		0.6589		0.7158
1093		0.6589		0.7158
1094		0.6589		0.7158
1095		0.6589		0.7158
1096		0.6589		0.7158
1097		0.6589		0.7158
1098		0.6589		0.7158
1099		0.6589		0.7158
1100		0.6589		0.7158
1101		0.6589		0.7158
1102		0.6589		0.7158
1103		0.6589		0.7158
1104		0.6589		0.7158
1105		0.6589		0.7158
1106		0.6589		0.7158
1107		0.6589		0.7158
1108		0.6589		0.7158
1109		0.6589		0.7158
1110		0.6589		0.7158
1111		0.6589		0.7158
1112		0.6589		0.7158
1113		0.6589		0.7158
1114		0.6589		0.7158
1115		0.6589		0.7158
1116		0.6589		0.7158
1117		0.6589		0.7158
1118		0.6589		0.7158
1119		0.6589		0.7158
1120		0.6589		0.7158
1121		0.6589		0.7158
1122		0.6589		0.7158
1123		0.6589		0.7158
1124		0.6589		0.7158
1125		0.6589		0.7158
1126		0.6589		0.7158
1127		0.6589		0.7158
1128		0.6589		0.7158
1129		0.6589		0.7158
1130		0.6589		0.7158
1131		0.6589		0.7158
1132		0.6589		0.7158
1133		0.6589		0.7158
1134		0.6589		0.7158
1135		0.6589		0.7158
1136		0.6589		0.7158
1137		0.6589		0.7158
1138		0.6589		0.7158
1139		0.6589		0.7158
1140		0.6589		0.7158
1141		0.6589		0.7158
1142		0.6589		0.7158
1143		0.6589		0.7158
1144		0.6589		0.7158
1145		0.6589		0.7158
1146		0.6589		0.7158
1147		0.6589		0.7158
1148		0.6589		0.7158
1149		0.6589		0.7158
1150		0.6589		0.7158
1151		0.6589		0.7158
1152		0.6589		0.7158
1153		0.6589		0.7158
1154		0.6589		0.7158
1155		0.6589		0.7158
1156		0.6589		0.7158
1157		0.6589		0.7158
1158		0.6589		0.7158
1159		0.6589		0.7158
1160		0.6589		0.7158
1161		0.6589		0.7158
1162		0.6589		0.7158
1163		0.6589		0.7158
1164		0.6589		0.7158
1165		0.6589		0.7158
1166		0.6589		0.7158
1167		0.6589		0.7158
1168		0.6589		0.7158
1169		0.6589		0.7158
1170		0.6589		0.7158
1171		0.6589		0.7158
1172		0.6589		0.7158
1173		0.6589		0.7158
1174		0.6589		0.7158
1175		0.6589		0.7158
1176		0.6589		0.7158
1177		0.6589		0.7158
1178		0.6589		0.7158
1179		0.6589		0.7158
1180		0.6589		0.7158
1181		0.6589		0.7158
1182		0.6589		0.7158
1183		0.6589		0.7158
1184		0.6589		0.7158
1185		0.6589		0.7158
1186		0.6589		0.7158
1187		0.6589		0.7158
1188		0.6589		0.7158
1189		0.6589		0.7158
1190		0.6589		0.7158
1191		0.6589		0.7158
1192		0.6589		0.7158
1193		0.6589		0.7158
1194		0.6589		0.7158
1195		0.6589		0.7158
1196		0.6589		0.7158
1197		0.6589		0.7158
1198		0.6589		0.7158
1199		0.6589		0.7158
1200		0.6589		0.7158
1201		0.6589		0.7158
1202		0.6589		0.7158
1203		0.6589		0.7158
1204		0.6589		0.7158
1205		0.6589		0.7158
1206		0.6589		0.7158
1207		0.6589		0.7158
1208		0.6589		0.7158
1209		0.6589		0.7158
1210		0.6589		0.7158
1211		0.6589		0.7158
1212		0.6589		0.7158
1213		0.6589		0.7158
1214		0.6589		0.7158
1215		0.6589		0.7158
1216		0.6589		0.7158
1217		0.6589		0.7158
1218		0.6589		0.7158
1219		0.6589		0.7158
1220		0.6589		0.7158
1221		0.6589		0.7158
1222		0.6589		0.7158
1223		0.6589		0.7158
1224		0.6589		0.7158
1225		0.6589		0.7158
1226		0.6589		0.7158
1227		0.6589		0.7158
1228		0.6589		0.7158
1229		0.6589		0.7158
1230		0.6589		0.7158
1231		0.6589		0.7158
1232		0.6589		0.7158
1233		0.6589		0.7158
1234		0.6589		0.7158
1235		0.6589		0.7158
1236		0.6589		0.7158
1237		0.6589		0.7158
1238		0.6589		0.7158
1239		0.6589		0.7158
1240		0.6589		0.7158
1241		0.6589		0.7158
1242		0.6589		0.7158
1243		0.6589		0.7158
1244		0.6589		0.7158
1245		0.6589		0.7158
1246		0.6589		0.7158
1247		0.6589		0.7158
1248		0.6589		0.7158
1249		0.6589		0.7158
1250		0.6589		0.7158
1251		0.6589		0.7158
1252		0.6589		0.7158
1253		0.6589		0.7158
1254		0.6589		0.7158
1255		0.6589		0.7158
1256		0.6589		0.7158
1257		0.6589		0.7158
1258		0.6589		0.7158
1259		0.6589		0.7158
1260		0.6589		0.7158
1261		0.6589		0.7158
1262		0.6589		0.7158
1263		0.6589		0.7158
1264		0.6589		0.7158
1265		0.6589		0.7158
1266		0.6589		0.7158
1267		0.6589		0.7158
1268		0.6589		0.7158
1269		0.6589		0.7158
1270		0.6589		0.7158
1271		0.6589		0.7158
1272		0.6589		0.7158
1273		0.6589		0.7158
1274		0.6589		0.7158
1275		0.6589		0.7158
1276		0.6589		0.7158
1277		0.6589		0.7158
1278		0.6589		0.7158
1279		0.6589		0.7158
1280		0.6589		0.7158
1281		0.6589		0.7158
1282		0.6589		0.7158
1283		0.6589		0.7158
1284		0.6589		0.7158
1285		0.6589		0.7158
1286		0.6589		0.7158
1287		0.6589		0.7158
1288		0.6589		0.7158
1289		0.6589		0.7158
1290		0.6589		0.7158
1291		0.6589		0.7158
1292		0.6589		0.7158
1293		0.6589		0.7158
1294		0.6589		0.7158
1295		0.6589		0.7158
1296		0.6589		0.7158
1297		0.6589		0.7158
1298		0.6589		0.7158
1299		0.6589		0.7158
1300		0.6589		0.7158
1301		0.6589		0.7158
1302		0.6589		0.7158
1303		0.6589		0.7158
1304		0.6589		0.7158
1305		0.6589		0.7158
1306		0.6589		0.7158
1307		0.6589		0.7158
1308		0.6589		0.7158
1309		0.6589		0.7158
1310		0.6589		0.7158
1311		0.6589		0.7158
1312		0.6589		0.7158
1313		0.6589		0.7158
1314		0.6589		0.7158
1315		0.6589		0.7158
1316		0.6589		0.7158
1317		0.6589		0.7158
1318		0.6589		0.7158
1319		0.6589		0.7158
1320		0.6589		0.7158
1321		0.6589		0.7158
1322		0.6589		0.7158
1323		0.6589		0.7158
1324		0.6589		0.7158
1325		0.6589		0.7158
1326		0.6589		0.7158
1327		0.6589		0.7158
1328		0.6589		0.7158
1329		0.6589		0.7158
1330		0.6589		0.7158
1331		0.6589		0.7158
1332		0.6589		0.7158
1333		0.6589		0.7158
1334		0.6589		0.7158
1335		0.6589		0.7158
1336		0.6589		0.7158
1337		0.6589		0.7158
1338		0.6589		0.7158
1339		0.6589		0.7158
1340		0.6589		0.7158
1341		0.6589		0.7158
1342		0.6589		0.7158
1343		0.6589		0.7158
1344		0.6589		0.7158
1345		0.6589		0.7158
1346		0.6589		0.7158
1347		0.6589		0.7158
1348		0.6589		0.7158
1349		0.6589		0.7158
1350		0.6589		0.7158
1351		0.6589		0.7158
1352		0.6589		0.7158
1353		0.6588		0.7158
1354		0.6588		0.7158
1355		0.6588		0.7158
1356		0.6588		0.7158
1357		0.6588		0.7158
1358		0.6588		0.7158
1359		0.6588		0.7158
1360		0.6588		0.7158
1361		0.6588		0.7158
1362		0.6588		0.7158
1363		0.6588		0.7158
1364		0.6588		0.7158
1365		0.6588		0.7158
1366		0.6588		0.7158
1367		0.6588		0.7158
1368		0.6588		0.7158
1369		0.6588		0.7158
1370		0.6588		0.7158
1371		0.6588		0.7158
1372		0.6588		0.7158
1373		0.6588		0.7158
1374		0.6588		0.7158
1375		0.6588		0.7158
1376		0.6588		0.7158
1377		0.6588		0.7158
1378		0.6588		0.7158
1379		0.6588		0.7158
1380		0.6588		0.7158
1381		0.6588		0.7158
1382		0.6588		0.7158
1383		0.6588		0.7158
1384		0.6588		0.7158
1385		0.6588		0.7158
1386		0.6588		0.7158
1387		0.6588		0.7158
1388		0.6588		0.7158
1389		0.6588		0.7158
1390		0.6588		0.7158
1391		0.6588		0.7158
1392		0.6588		0.7158
1393		0.6588		0.7158
1394		0.6588		0.7158
1395		0.6588		0.7158
1396		0.6588		0.7158
1397		0.6588		0.7158
1398		0.6588		0.7158
1399		0.6588		0.7158
1400		0.6588		0.7158
1401		0.6588		0.7158
1402		0.6588		0.7158
1403		0.6588		0.7158
1404		0.6588		0.7158
1405		0.6588		0.7158
1406		0.6588		0.7158
1407		0.6588		0.7158
1408		0.6588		0.7158
1409		0.6588		0.7158
1410		0.6588		0.7158
1411		0.6588		0.7158
1412		0.6588		0.7158
1413		0.6588		0.7158
1414		0.6588		0.7158
1415		0.6588		0.7158
1416		0.6588		0.7158
1417		0.6588		0.7158
1418		0.6588		0.7158
1419		0.6588		0.7158
1420		0.6588		0.7158
1421		0.6588		0.7158
1422		0.6588		0.7158
1423		0.6588		0.7158
1424		0.6588		0.7158
1425		0.6588		0.7158
1426		0.6588		0.7158
1427		0.6588		0.7158
1428		0.6588		0.7158
1429		0.6588		0.7158
1430		0.6588		0.7158
1431		0.6588		0.7158
1432		0.6588		0.7158
1433		0.6588		0.7158
1434		0.6588		0.7158
1435		0.6588		0.7158
1436		0.6588		0.7158
1437		0.6588		0.7158
1438		0.6588		0.7158
1439		0.6588		0.7158
1440		0.6588		0.7158
1441		0.6588		0.7158
1442		0.6588		0.7158
1443		0.6588		0.7158
1444		0.6588		0.7158
1445		0.6588		0.7158
1446		0.6588		0.7158
1447		0.6588		0.7158
1448		0.6588		0.7158
1449		0.6588		0.7158
1450		0.6588		0.7158
1451		0.6588		0.7158
1452		0.6588		0.7158
1453		0.6588		0.7158
1454		0.6588		0.7158
1455		0.6588		0.7158
1456		0.6588		0.7158
1457		0.6588		0.7158
1458		0.6588		0.7158
1459		0.6588		0.7158
1460		0.6588		0.7158
1461		0.6588		0.7158
1462		0.6588		0.7158
1463		0.6588		0.7158
1464		0.6588		0.7158
1465		0.6588		0.7158
1466		0.6588		0.7158
1467		0.6588		0.7158
1468		0.6588		0.7158
1469		0.6588		0.7158
1470		0.6588		0.7158
1471		0.6588		0.7158
1472		0.6588		0.7158
1473		0.6588		0.7158
1474		0.6588		0.7158
1475		0.6588		0.7158
1476		0.6588		0.7158
1477		0.6588		0.7158
1478		0.6588		0.7158
1479		0.6588		0.7158
1480		0.6588		0.7158
1481		0.6588		0.7158
1482		0.6588		0.7158
1483		0.6588		0.7158
1484		0.6588		0.7158
1485		0.6588		0.7158
1486		0.6588		0.7158
1487		0.6588		0.7158
1488		0.6588		0.7158
1489		0.6588		0.7158
1490		0.6588		0.7158
1491		0.6588		0.7158
1492		0.6588		0.7158
1493		0.6588		0.7158
1494		0.6588		0.7158
1495		0.6588		0.7158
1496		0.6588		0.7158
1497		0.6588		0.7158
1498		0.6588		0.7158
1499		0.6588		0.7158
1500		0.6588		0.7158
1501		0.6588		0.7158
1502		0.6588		0.7158
1503		0.6588		0.7158
1504		0.6588		0.7158
1505		0.6588		0.7158
1506		0.6588		0.7158
1507		0.6588		0.7158
1508		0.6588		0.7158
1509		0.6588		0.7158
1510		0.6588		0.7158
1511		0.6588		0.7158
1512		0.6588		0.7158
1513		0.6588		0.7158
1514		0.6588		0.7158
1515		0.6588		0.7158
1516		0.6588		0.7158
1517		0.6588		0.7158
1518		0.6588		0.7158
1519		0.6588		0.7158
1520		0.6588		0.7158
1521		0.6588		0.7158
1522		0.6588		0.7158
1523		0.6588		0.7158
1524		0.6588		0.7158
1525		0.6588		0.7158
1526		0.6588		0.7158
1527		0.6588		0.7158
1528		0.6588		0.7158
1529		0.6588		0.7158
1530		0.6588		0.7158
1531		0.6588		0.7158
1532		0.6588		0.7158
1533		0.6588		0.7158
1534		0.6588		0.7158
1535		0.6588		0.7158
1536		0.6588		0.7158
1537		0.6588		0.7158
1538		0.6588		0.7158
1539		0.6588		0.7158
1540		0.6588		0.7158
1541		0.6588		0.7158
1542		0.6588		0.7158
1543		0.6588		0.7158
1544		0.6588		0.7158
1545		0.6588		0.7158
1546		0.6588		0.7158
1547		0.6588		0.7158
1548		0.6588		0.7158
1549		0.6588		0.7158
1550		0.6588		0.7158
1551		0.6588		0.7158
1552		0.6588		0.7158
1553		0.6588		0.7158
1554		0.6588		0.7158
1555		0.6588		0.7158
1556		0.6588		0.7158
1557		0.6588		0.7158
1558		0.6588		0.7158
1559		0.6588		0.7158
1560		0.6588		0.7158
1561		0.6588		0.7158
1562		0.6588		0.7158
1563		0.6588		0.7158
1564		0.6588		0.7158
1565		0.6588		0.7158
1566		0.6588		0.7158
1567		0.6588		0.7158
1568		0.6588		0.7158
1569		0.6588		0.7158
1570		0.6588		0.7158
1571		0.6588		0.7158
1572		0.6588		0.7158
1573		0.6588		0.7158
1574		0.6588		0.7158
1575		0.6588		0.7158
1576		0.6588		0.7158
1577		0.6588		0.7158
1578		0.6588		0.7158
1579		0.6588		0.7158
1580		0.6588		0.7158
1581		0.6588		0.7158
1582		0.6588		0.7158
1583		0.6588		0.7158
1584		0.6588		0.7158
1585		0.6588		0.7157
1586		0.6588		0.7157
1587		0.6588		0.7157
1588		0.6588		0.7157
1589		0.6588		0.7157
1590		0.6588		0.7157
1591		0.6588		0.7157
1592		0.6588		0.7157
1593		0.6588		0.7157
1594		0.6588		0.7157
1595		0.6588		0.7157
1596		0.6588		0.7157
1597		0.6588		0.7157
1598		0.6588		0.7157
1599		0.6588		0.7157
1600		0.6588		0.7157
1601		0.6588		0.7157
1602		0.6588		0.7157
1603		0.6588		0.7157
1604		0.6588		0.7157
1605		0.6588		0.7157
1606		0.6588		0.7157
1607		0.6588		0.7157
1608		0.6588		0.7157
1609		0.6588		0.7157
1610		0.6588		0.7157
1611		0.6588		0.7157
1612		0.6588		0.7157
1613		0.6588		0.7157
1614		0.6588		0.7157
1615		0.6588		0.7157
1616		0.6588		0.7157
1617		0.6588		0.7157
1618		0.6588		0.7157
1619		0.6588		0.7157
1620		0.6588		0.7157
1621		0.6588		0.7157
1622		0.6588		0.7157
1623		0.6588		0.7157
1624		0.6588		0.7157
1625		0.6588		0.7157
1626		0.6588		0.7157
1627		0.6588		0.7157
1628		0.6588		0.7157
1629		0.6588		0.7157
1630		0.6588		0.7157
1631		0.6588		0.7157
1632		0.6588		0.7157
1633		0.6588		0.7157
1634		0.6588		0.7157
1635		0.6588		0.7157
1636		0.6588		0.7157
1637		0.6588		0.7157
1638		0.6588		0.7157
1639		0.6588		0.7157
1640		0.6588		0.7157
1641		0.6588		0.7157
1642		0.6588		0.7157
1643		0.6588		0.7157
1644		0.6588		0.7157
1645		0.6588		0.7157
1646		0.6588		0.7157
1647		0.6588		0.7157
1648		0.6588		0.7157
1649		0.6588		0.7157
1650		0.6588		0.7157
1651		0.6588		0.7157
1652		0.6588		0.7157
1653		0.6588		0.7157
1654		0.6588		0.7157
1655		0.6588		0.7157
1656		0.6588		0.7157
1657		0.6588		0.7157
1658		0.6588		0.7157
1659		0.6588		0.7157
1660		0.6588		0.7157
1661		0.6588		0.7157
1662		0.6588		0.7157
1663		0.6588		0.7157
1664		0.6588		0.7157
1665		0.6588		0.7157
1666		0.6588		0.7157
1667		0.6588		0.7157
1668		0.6588		0.7157
1669		0.6588		0.7157
1670		0.6588		0.7157
1671		0.6588		0.7157
1672		0.6588		0.7157
1673		0.6588		0.7157
1674		0.6588		0.7157
1675		0.6588		0.7157
1676		0.6588		0.7157
1677		0.6588		0.7157
1678		0.6588		0.7157
1679		0.6588		0.7157
1680		0.6588		0.7157
1681		0.6588		0.7157
1682		0.6588		0.7157
1683		0.6588		0.7157
1684		0.6588		0.7157
1685		0.6588		0.7157
1686		0.6588		0.7157
1687		0.6588		0.7157
1688		0.6588		0.7157
1689		0.6588		0.7157
1690		0.6588		0.7157
1691		0.6588		0.7157
1692		0.6588		0.7157
1693		0.6588		0.7157
1694		0.6588		0.7157
1695		0.6588		0.7157
1696		0.6588		0.7157
1697		0.6588		0.7157
1698		0.6588		0.7157
1699		0.6588		0.7157
1700		0.6587		0.7157
1701		0.6587		0.7157
1702		0.6587		0.7157
1703		0.6587		0.7157
1704		0.6587		0.7157
1705		0.6587		0.7157
1706		0.6587		0.7157
1707		0.6587		0.7157
1708		0.6587		0.7157
1709		0.6587		0.7157
1710		0.6587		0.7157
1711		0.6587		0.7157
1712		0.6587		0.7157
1713		0.6587		0.7157
1714		0.6587		0.7157
1715		0.6587		0.7157
1716		0.6587		0.7157
1717		0.6587		0.7157
1718		0.6587		0.7157
1719		0.6587		0.7157
1720		0.6587		0.7157
1721		0.6587		0.7157
1722		0.6587		0.7157
1723		0.6587		0.7157
1724		0.6587		0.7157
1725		0.6587		0.7157
1726		0.6587		0.7157
1727		0.6587		0.7157
1728		0.6587		0.7157
1729		0.6587		0.7157
1730		0.6587		0.7157
1731		0.6587		0.7157
1732		0.6587		0.7157
1733		0.6587		0.7157
1734		0.6587		0.7157
1735		0.6587		0.7157
1736		0.6587		0.7157
1737		0.6587		0.7157
1738		0.6587		0.7157
1739		0.6587		0.7157
1740		0.6587		0.7157
1741		0.6587		0.7157
1742		0.6587		0.7157
1743		0.6587		0.7157
1744		0.6587		0.7157
1745		0.6587		0.7157
1746		0.6587		0.7157
1747		0.6587		0.7157
1748		0.6587		0.7157
1749		0.6587		0.7157
1750		0.6587		0.7157
1751		0.6587		0.7157
1752		0.6587		0.7157
1753		0.6587		0.7157
1754		0.6587		0.7157
1755		0.6587		0.7157
1756		0.6587		0.7157
1757		0.6587		0.7157
1758		0.6587		0.7157
1759		0.6587		0.7157
1760		0.6587		0.7157
1761		0.6587		0.7157
1762		0.6587		0.7157
1763		0.6587		0.7157
1764		0.6587		0.7157
1765		0.6587		0.7157
1766		0.6587		0.7157
1767		0.6587		0.7157
1768		0.6587		0.7157
1769		0.6587		0.7157
1770		0.6587		0.7157
1771		0.6587		0.7157
1772		0.6587		0.7157
1773		0.6587		0.7157
1774		0.6587		0.7157
1775		0.6587		0.7157
1776		0.6587		0.7157
1777		0.6587		0.7157
1778		0.6587		0.7157
1779		0.6587		0.7157
1780		0.6587		0.7157
1781		0.6587		0.7157
1782		0.6587		0.7157
1783		0.6587		0.7157
1784		0.6587		0.7157
1785		0.6587		0.7157
1786		0.6587		0.7157
1787		0.6587		0.7157
1788		0.6587		0.7157
1789		0.6587		0.7157
1790		0.6587		0.7157
1791		0.6587		0.7157
1792		0.6587		0.7157
1793		0.6587		0.7157
1794		0.6587		0.7157
1795		0.6587		0.7157
1796		0.6587		0.7157
1797		0.6587		0.7157
1798		0.6587		0.7157
1799		0.6587		0.7157
1800		0.6587		0.7157
1801		0.6587		0.7157
1802		0.6587		0.7157
1803		0.6587		0.7157
1804		0.6587		0.7157
1805		0.6587		0.7157
1806		0.6587		0.7157
1807		0.6587		0.7157
1808		0.6587		0.7157
1809		0.6587		0.7157
1810		0.6587		0.7157
1811		0.6587		0.7157
1812		0.6587		0.7157
1813		0.6587		0.7157
1814		0.6587		0.7157
1815		0.6587		0.7157
1816		0.6587		0.7157
1817		0.6587		0.7157
1818		0.6587		0.7157
1819		0.6587		0.7157
1820		0.6587		0.7157
1821		0.6587		0.7157
1822		0.6587		0.7157
1823		0.6587		0.7157
1824		0.6587		0.7157
1825		0.6587		0.7157
1826		0.6587		0.7157
1827		0.6587		0.7157
1828		0.6587		0.7157
1829		0.6587		0.7157
1830		0.6587		0.7157
1831		0.6587		0.7157
1832		0.6587		0.7157
1833		0.6587		0.7157
1834		0.6587		0.7157
1835		0.6587		0.7157
1836		0.6587		0.7157
1837		0.6587		0.7157
1838		0.6587		0.7157
1839		0.6587		0.7157
1840		0.6587		0.7157
1841		0.6587		0.7157
1842		0.6587		0.7157
1843		0.6587		0.7157
1844		0.6587		0.7157
1845		0.6587		0.7157
1846		0.6587		0.7157
1847		0.6587		0.7157
1848		0.6587		0.7157
1849		0.6587		0.7157
1850		0.6587		0.7157
1851		0.6587		0.7157
1852		0.6587		0.7157
1853		0.6587		0.7157
1854		0.6587		0.7157
1855		0.6587		0.7157
1856		0.6587		0.7157
1857		0.6587		0.7157
1858		0.6587		0.7157
1859		0.6587		0.7157
1860		0.6587		0.7157
1861		0.6587		0.7157
1862		0.6587		0.7157
1863		0.6587		0.7157
1864		0.6587		0.7157
1865		0.6587		0.7157
1866		0.6587		0.7157
1867		0.6587		0.7156
1868		0.6587		0.7156
1869		0.6587		0.7156
1870		0.6587		0.7156
1871		0.6587		0.7156
1872		0.6587		0.7156
1873		0.6587		0.7156
1874		0.6587		0.7156
1875		0.6587		0.7156
1876		0.6587		0.7156
1877		0.6587		0.7156
1878		0.6587		0.7156
1879		0.6587		0.7156
1880		0.6587		0.7156
1881		0.6587		0.7156
1882		0.6587		0.7156
1883		0.6587		0.7156
1884		0.6587		0.7156
1885		0.6587		0.7156
1886		0.6587		0.7156
1887		0.6587		0.7156
1888		0.6587		0.7156
1889		0.6587		0.7156
1890		0.6587		0.7156
1891		0.6587		0.7156
1892		0.6587		0.7156
1893		0.6587		0.7156
1894		0.6587		0.7156
1895		0.6587		0.7156
1896		0.6587		0.7156
1897		0.6587		0.7156
1898		0.6587		0.7156
1899		0.6587		0.7156
1900		0.6587		0.7156
1901		0.6587		0.7156
1902		0.6587		0.7156
1903		0.6587		0.7156
1904		0.6587		0.7156
1905		0.6587		0.7156
1906		0.6587		0.7156
1907		0.6587		0.7156
1908		0.6587		0.7156
1909		0.6587		0.7156
1910		0.6587		0.7156
1911		0.6587		0.7156
1912		0.6587		0.7156
1913		0.6587		0.7156
1914		0.6587		0.7156
1915		0.6587		0.7156
1916		0.6587		0.7156
1917		0.6587		0.7156
1918		0.6587		0.7156
1919		0.6587		0.7156
1920		0.6587		0.7156
1921		0.6587		0.7156
1922		0.6587		0.7156
1923		0.6587		0.7156
1924		0.6587		0.7156
1925		0.6587		0.7156
1926		0.6587		0.7156
1927		0.6587		0.7156
1928		0.6587		0.7156
1929		0.6587		0.7156
1930		0.6587		0.7156
1931		0.6587		0.7156
1932		0.6587		0.7156
1933		0.6587		0.7156
1934		0.6587		0.7156
1935		0.6587		0.7156
1936		0.6587		0.7156
1937		0.6587		0.7156
1938		0.6587		0.7156
1939		0.6587		0.7156
1940		0.6587		0.7156
1941		0.6587		0.7156
1942		0.6587		0.7156
1943		0.6587		0.7156
1944		0.6587		0.7156
1945		0.6587		0.7156
1946		0.6587		0.7156
1947		0.6587		0.7156
1948		0.6587		0.7156
1949		0.6587		0.7156
1950		0.6587		0.7156
1951		0.6587		0.7156
1952		0.6587		0.7156
1953		0.6587		0.7156
1954		0.6587		0.7156
1955		0.6587		0.7156
1956		0.6587		0.7156
1957		0.6587		0.7156
1958		0.6587		0.7156
1959		0.6587		0.7156
1960		0.6587		0.7156
1961		0.6587		0.7156
1962		0.6587		0.7156
1963		0.6587		0.7156
1964		0.6587		0.7156
1965		0.6587		0.7156
1966		0.6587		0.7156
1967		0.6587		0.7156
1968		0.6587		0.7156
1969		0.6587		0.7156
1970		0.6587		0.7156
1971		0.6587		0.7156
1972		0.6587		0.7156
1973		0.6587		0.7156
1974		0.6587		0.7156
1975		0.6587		0.7156
1976		0.6587		0.7156
1977		0.6587		0.7156
1978		0.6587		0.7156
1979		0.6587		0.7156
1980		0.6587		0.7156
1981		0.6587		0.7156
1982		0.6587		0.7156
1983		0.6587		0.7156
1984		0.6587		0.7156
1985		0.6587		0.7156
1986		0.6587		0.7156
1987		0.6587		0.7156
1988		0.6587		0.7156
1989		0.6587		0.7156
1990		0.6587		0.7156
1991		0.6587		0.7156
1992		0.6587		0.7156
1993		0.6587		0.7156
1994		0.6587		0.7156
1995		0.6587		0.7156
1996		0.6587		0.7156
1997		0.6587		0.7156
1998		0.6587		0.7156
1999		0.6587		0.7156
2000		0.6587		0.7156
