Epoch	Training Loss	Validation Loss
1		10.4422		2.5076
2		10.3035		10.3616
3		10.4751		10.3616
4		10.4456		10.3616
5		10.4150		10.3616
6		10.3938		10.3616
7		10.3850		10.3616
8		10.3772		10.3616
9		10.3753		10.3616
10		10.3781		10.3616
11		10.3830		10.3616
12		10.3882		10.3616
13		10.3907		10.3616
14		10.3732		10.3616
15		10.3379		10.3616
16		10.3730		10.3616
17		10.3535		10.3616
18		10.3718		10.3616
19		10.3660		10.3616
20		10.3463		10.3616
21		10.3796		10.3616
22		10.3865		10.3616
23		10.3296		10.3616
24		9.4140		10.3616
25		10.3921		10.3616
26		10.3734		10.3616
27		10.3439		10.3616
28		10.3146		10.3616
29		9.9423		10.3616
30		10.5971		10.3616
31		10.7475		10.3616
32		10.7387		10.3616
33		10.7291		10.3616
34		10.7026		10.3616
35		10.6738		10.3616
36		10.6434		10.3616
37		10.6131		10.3616
38		10.5798		10.3616
39		10.5426		10.3616
40		10.5062		10.3616
41		10.4714		10.3616
42		10.4311		10.3616
43		10.3958		10.3616
44		10.3712		10.3616
45		10.3581		10.3616
46		10.3529		10.3616
47		10.3437		10.3616
48		10.3133		10.3616
49		10.2978		10.3616
50		9.3309		10.3616
51		10.6120		10.3616
52		10.5755		10.3616
53		10.5392		10.3616
54		10.5033		10.3616
55		10.4683		10.3616
56		10.4351		10.3616
57		10.3956		10.3616
58		10.3635		10.3616
59		10.3423		10.3616
60		10.3324		10.3616
61		10.3306		10.3616
62		10.3312		10.3616
63		10.3209		10.3616
64		10.2890		10.3616
65		10.3313		10.3616
66		10.3457		10.3616
67		10.3803		10.3616
68		8.6894		10.3616
69		9.9580		10.3616
70		10.5827		10.3616
71		10.5465		10.3616
72		10.5104		10.3616
73		10.4747		10.3616
74		10.4398		10.3616
75		10.4067		10.3616
76		10.3688		10.3616
77		10.3363		10.3616
78		10.3144		10.3616
79		10.3040		10.3616
80		10.3025		10.3616
81		10.3054		10.3616
82		10.3073		10.3616
83		10.2928		10.3616
84		10.2619		10.3616
85		9.3091		10.2211
86		10.3553		10.3616
87		10.4824		10.3616
88		10.4533		10.3616
89		10.4235		10.3616
90		10.3941		10.3616
91		10.3666		10.3616
92		10.3371		10.3616
93		10.3034		10.3616
94		10.2797		10.3616
95		10.2671		10.3616
96		10.2641		10.3616
97		10.2671		10.3616
98		10.2733		10.3616
99		10.2803		10.3616
100		10.2852		10.3616
101		10.2769		10.3616
102		10.2523		10.3616
103		10.2938		10.3616
104		10.2666		10.3616
105		10.2654		10.3616
106		10.2498		10.3616
107		10.1478		10.3616
108		10.2644		10.3616
109		10.2731		10.3616
110		10.2688		10.3616
111		10.2483		10.3616
112		10.2785		10.3616
113		10.2337		10.3616
114		10.2752		10.3616
115		10.2735		10.3616
116		10.2706		10.3616
117		10.2734		10.3616
118		10.2699		10.3616
119		10.2660		10.3616
120		10.2724		10.3616
121		10.2634		10.3616
122		10.2621		10.3616
123		10.2682		10.3616
124		10.2520		10.3616
125		10.2668		10.3616
126		10.2607		10.3616
127		10.2574		10.3616
128		10.2631		10.3616
129		10.2490		10.3616
130		10.2600		10.3616
131		10.2415		10.3616
132		10.2491		10.3616
133		10.2245		10.3616
134		9.3272		10.3616
135		10.4092		10.3616
136		10.3737		10.3616
137		10.3392		10.3616
138		10.3068		10.3616
139		10.2722		10.3616
140		10.2423		10.3616
141		10.2240		10.3616
142		10.2173		10.3616
143		10.2189		10.3616
144		10.2247		10.3616
145		10.2311		10.3616
146		10.2329		10.3616
147		10.2205		10.3616
148		10.2249		10.3616
149		10.3151		10.3616
150		9.5792		6.6642
151		9.2330		10.3616
152		10.5911		10.3616
153		10.5701		10.3616
154		10.5432		10.3616
155		10.5165		10.3616
156		10.4899		10.3616
157		10.4633		10.3616
158		10.4259		10.3616
159		10.3864		10.3616
160		10.3480		10.3616
161		10.3118		10.3616
162		10.2764		10.3616
163		10.2429		10.3616
164		10.2228		10.3616
165		10.2151		10.3616
166		10.2073		10.3616
167		10.1991		10.3616
168		9.0238		10.3616
169		10.2927		10.3616
170		10.2656		10.3616
171		10.2386		10.3616
172		10.2144		10.3616
173		10.1903		10.3616
174		10.1735		10.3616
175		10.1588		10.3616
176		10.1541		10.3616
177		10.1562		10.3616
178		10.1623		10.3616
179		10.1703		10.3616
180		10.1791		10.3616
181		10.1874		10.3616
182		10.1932		10.3616
183		10.1875		10.3616
184		10.1844		10.3616
185		10.2663		10.3616
186		10.1581		10.3616
187		10.1606		10.3616
188		10.1672		10.3616
189		10.1752		10.3616
190		10.1820		10.3616
191		10.1824		10.3616
192		10.1772		10.3616
193		9.3974		10.3616
194		10.2176		10.3616
195		10.1875		10.3616
196		10.1599		10.3616
197		10.1443		10.3616
198		10.1398		10.3616
199		10.1427		10.3616
200		10.1496		10.3616
201		10.1579		10.3616
202		10.1657		10.3616
203		10.1711		10.3616
204		10.1665		10.3616
205		10.1676		10.3616
206		9.3112		7.5476
207		9.1543		5.8141
208		8.2581		10.3616
209		10.5379		10.3616
210		10.5337		10.3616
211		10.5076		10.3616
212		10.4740		10.3616
213		10.4381		10.3616
214		10.4020		10.3616
215		10.3658		10.3616
216		10.3298		10.3616
217		10.2939		10.3616
218		10.2586		10.3616
219		10.2245		10.3616
220		10.1930		10.3616
221		10.1648		10.3616
222		10.1398		10.3616
223		10.1278		10.3616
224		10.1266		10.3616
225		10.1316		10.3616
226		10.1384		10.3616
227		10.1440		10.3616
228		10.1444		10.3616
229		10.1391		10.3616
230		9.6444		10.3616
231		10.0831		10.3616
232		10.1004		10.3616
233		10.1119		10.3616
234		10.1216		10.3616
235		10.1297		10.3616
236		10.1353		10.3616
237		10.1367		10.3616
238		10.1284		10.3616
239		9.3459		6.4937
240		9.1944		10.3616
241		10.5184		10.3616
242		10.4917		10.3616
243		10.4650		10.3616
244		10.4384		10.3616
245		10.4119		10.3616
246		10.3782		10.3616
247		10.3409		10.3616
248		10.3016		10.3616
249		10.2629		10.3616
250		10.2252		10.3616
251		10.1901		10.3616
252		10.1604		10.3616
253		10.1333		10.3616
254		10.1193		10.3616
255		10.1172		10.3616
256		10.1148		10.3616
257		10.1053		10.3616
258		9.4766		6.5007
259		9.1815		10.3616
260		10.5038		10.3616
261		10.4771		10.3616
262		10.4505		10.3616
263		10.4239		10.3616
264		10.3974		10.3616
265		10.3626		10.3616
266		10.3256		10.3616
267		10.2863		10.3616
268		10.2476		10.3616
269		10.2096		10.3616
270		10.1737		10.3616
271		10.1425		10.3616
272		10.1169		10.3616
273		10.1002		10.3616
274		10.0965		10.3616
275		10.0936		10.3616
276		10.0821		10.3616
277		8.9688		10.3616
278		9.5774		10.3616
279		10.4384		10.3616
280		10.4112		10.3616
281		10.3843		10.3616
282		10.3575		10.3616
283		10.3220		10.3616
284		10.2862		10.3616
285		10.2468		10.3616
286		10.2068		10.3616
287		10.1683		10.3616
288		10.1335		10.3616
289		10.1070		10.3616
290		10.0852		10.3616
291		10.0792		10.3616
292		10.0745		10.3616
293		10.0599		10.3422
294		8.8766		9.5601
295		9.3297		7.9926
296		10.2640		10.3616
297		9.4600		4.6326
298		8.4210		10.3616
299		8.3275		7.6576
300		10.1784		10.3616
301		9.6874		10.3616
302		9.8940		10.3616
303		9.9772		10.3616
304		9.9885		10.3616
305		9.9995		10.3616
306		10.0100		10.3616
307		10.0105		10.3616
308		10.0143		10.3616
309		10.0202		10.3616
310		10.0272		10.3616
311		10.0347		10.3616
312		10.0422		10.3616
313		10.0486		10.3616
314		10.0525		10.3616
315		10.0506		10.3616
316		10.0631		10.3281
317		10.3014		10.3616
318		10.1244		10.3616
319		10.0923		10.3616
320		10.0658		10.3616
321		10.0492		10.3616
322		10.0429		10.3616
323		10.0422		10.3616
324		10.0434		10.3616
325		10.0372		10.3616
326		10.0514		10.2915
327		9.3027		10.3616
328		10.0147		10.3616
329		10.0212		10.3616
330		10.0279		10.3616
331		10.0331		10.3616
332		10.0356		10.3616
333		10.0278		10.3616
334		10.0442		10.2685
335		9.4522		5.1968
336		8.3866		10.3616
337		10.2819		10.3616
338		9.3413		4.9226
339		9.1011		10.3616
340		9.4331		10.3616
341		10.4567		10.3616
342		10.4749		10.3616
343		10.4831		10.3616
344		10.4750		10.3616
345		10.4664		10.3616
346		10.4526		10.3616
347		10.4263		10.3616
348		10.3970		10.3616
349		10.3603		10.3616
350		10.3229		10.3616
351		10.2856		10.3616
352		10.2482		10.3616
353		10.2109		10.3616
354		10.1735		10.3616
355		10.1364		10.3616
356		10.0999		10.3616
357		10.0654		10.3616
358		10.0362		10.3616
359		10.0175		10.3616
360		10.0122		10.3616
361		10.0041		10.3616
362		10.0082		10.3364
363		9.9862		10.2810
364		9.2769		4.8347
365		8.2322		7.3512
366		10.2382		10.3616
367		10.4340		10.3616
368		10.4267		10.3616
369		10.4154		10.3616
370		10.3890		10.3616
371		10.3625		10.3616
372		10.3339		10.3616
373		10.2994		10.3616
374		10.2649		10.3616
375		10.2264		10.3616
376		10.1875		10.3616
377		10.1485		10.3616
378		10.1095		10.3616
379		10.0710		10.3616
380		10.0349		10.3616
381		10.0061		10.3616
382		9.9918		10.3616
383		9.9835		10.3616
384		9.9832		10.3312
385		10.0067		10.1560
386		9.5524		7.1393
387		9.2606		10.3616
388		9.8517		10.3616
389		9.9097		10.3616
390		9.9166		10.3616
391		9.9236		10.3616
392		9.9257		10.3616
393		9.9268		10.3616
394		9.9314		10.3616
395		9.9376		10.3616
396		9.9443		10.3616
397		9.9512		10.3616
398		9.9580		10.3616
399		9.9645		10.3616
400		9.9715		10.3616
401		9.9529		10.3499
402		10.0084		10.2070
403		10.3202		10.3616
404		10.2116		10.3616
405		10.1751		10.3616
406		10.1386		10.3616
407		10.1022		10.3616
408		10.0661		10.3616
409		10.0308		10.3616
410		9.9981		10.3616
411		9.9713		10.3616
412		9.9557		10.3616
413		9.9528		10.3616
414		9.9585		10.3589
415		9.9373		10.3382
416		10.0047		10.1585
417		10.2046		10.3616
418		9.8904		10.3616
419		9.8989		10.3616
420		9.8985		10.3616
421		9.8999		10.3616
422		9.9047		10.3616
423		9.9110		10.3616
424		9.9177		10.3616
425		9.9244		10.3616
426		9.9310		10.3616
427		9.9372		10.3616
428		9.9448		10.3459
429		9.9234		10.3271
430		10.0006		10.1314
431		10.3166		10.3616
432		9.9730		10.3616
433		9.9471		10.3616
434		9.9338		10.3616
435		9.9342		10.3525
436		9.9258		10.3146
437		10.0060		10.1548
438		10.5894		10.3616
439		10.2125		10.3616
440		10.1756		10.3616
441		10.1387		10.3616
442		10.1017		10.3616
443		10.0646		10.3616
444		10.0276		10.3616
445		9.9914		10.3616
446		9.9580		10.3616
447		9.9321		10.3616
448		9.9203		10.3613
449		9.9244		10.3243
450		9.9047		10.3142
451		9.9834		10.1314
452		10.3524		10.3616
453		9.8682		10.3616
454		9.8705		10.3616
455		9.8671		10.3616
456		9.8656		10.3616
457		9.8689		10.3616
458		9.8748		10.3616
459		9.8813		10.3616
460		9.8880		10.3616
461		9.8946		10.3616
462		9.9007		10.3607
463		9.9074		10.3264
464		9.8986		10.2753
465		10.0087		9.8313
466		10.0331		10.3616
467		9.9574		10.3616
468		9.9263		10.3616
469		9.9032		10.3616
470		9.8931		10.3616
471		9.8949		10.3406
472		9.9000		10.2970
473		9.9051		10.2895
474		9.9959		10.0589
475		9.9710		10.3616
476		9.8783		10.3616
477		9.8808		10.3616
478		9.8865		10.3418
479		9.8946		10.3022
480		9.8765		10.2775
481		10.0095		9.8387
482		9.2555		5.5305
483		7.8054		2.9936
484		8.5697		1.4213
485		9.0315		3.7903
486		8.5645		4.9733
487		8.7919		10.3616
488		10.1602		10.3616
489		10.1247		10.3616
490		10.0887		10.3616
491		10.0526		10.3616
492		10.0166		10.3616
493		9.9808		10.3616
494		9.9456		10.3616
495		9.9118		10.3616
496		9.8817		10.3616
497		9.8592		10.3616
498		9.8491		10.3616
499		9.8507		10.3616
500		9.8567		10.3616
501		9.8627		10.3332
502		9.8697		10.2960
503		9.8679		10.2034
504		9.9264		10.1619
505		9.7365		10.2776
506		9.9374		10.1199
507		9.0564		10.3616
508		10.0252		10.3616
509		9.9875		10.3616
510		9.9496		10.3606
511		9.9127		10.3566
512		9.8800		10.3457
513		9.8591		10.3207
514		9.8592		10.2778
515		9.8524		10.1970
516		9.9756		9.7408
517		10.0239		10.3219
518		9.9759		10.3260
519		9.9304		10.3297
520		9.8870		10.3273
521		9.8559		10.3047
522		9.8501		10.2434
523		10.0040		9.9181
524		9.2170		4.9547
525		7.7552		4.2396
526		8.4634		10.3616
527		9.8802		10.3616
528		10.3260		10.3616
529		10.3078		10.3616
530		10.2807		10.3616
531		10.2436		10.3616
532		10.2068		10.3616
533		10.1701		10.3616
534		10.1336		10.3616
535		10.0972		10.3616
536		10.0608		10.3616
537		10.0244		10.3616
538		9.9882		10.3616
539		9.9520		10.3616
540		9.9164		10.3616
541		9.8819		10.3616
542		9.8509		10.3616
543		9.8278		10.3616
544		9.8181		10.3347
545		9.8205		10.3024
546		9.8279		10.2619
547		9.8288		10.0855
548		9.9351		10.3240
549		9.8645		10.3199
550		9.8331		10.3039
551		9.8210		10.2658
552		9.8289		10.1189
553		9.7087		10.1355
554		9.7455		10.0581
555		8.3210		5.6447
556		9.5872		10.3616
557		10.3055		10.3616
558		10.2800		10.3616
559		10.2452		10.3616
560		10.2070		10.3616
561		10.1697		10.3616
562		10.1328		10.3616
563		10.0961		10.3616
564		10.0596		10.3616
565		10.0232		10.3616
566		9.9868		10.3616
567		9.9504		10.3616
568		9.9142		10.3616
569		9.8786		10.3616
570		9.8448		10.3549
571		9.8157		10.3414
572		9.7972		10.3172
573		9.7935		10.2853
574		9.8002		10.2448
575		9.7901		9.9736
576		10.5171		10.2782
577		10.1716		10.2774
578		10.1370		10.2764
579		10.0992		10.2757
580		10.0598		10.2755
581		10.0196		10.2761
582		9.9781		10.2780
583		9.9349		10.2812
584		9.8902		10.2852
585		9.8451		10.2870
586		9.8054		10.2765
587		9.7874		10.2347
588		9.7647		9.8775
589		10.0045		10.2494
590		9.9146		10.2646
591		9.8557		10.2747
592		9.8060		10.2695
593		9.7828		10.2244
594		9.7266		9.7142
595		9.1733		4.3272
596		7.9076		4.4296
597		9.5588		10.3616
598		8.3437		4.5796
599		8.0935		3.8421
600		8.4631		10.3616
601		8.1831		10.3616
602		8.5434		4.8161
603		8.1029		10.3616
604		9.1857		3.8771
605		8.7829		10.3616
606		9.9694		10.3616
607		9.9363		10.3616
608		9.9015		10.3616
609		9.8665		10.3616
610		9.8319		10.3616
611		9.7988		10.3616
612		9.7689		10.3616
613		9.7457		10.3616
614		9.7335		10.3616
615		9.7331		10.3497
616		9.7388		10.3175
617		9.7452		10.2854
618		9.7513		10.2528
619		9.7591		10.2083
620		9.6706		9.7533
621		9.8073		10.3175
622		9.7817		10.3081
623		9.7567		10.2894
624		9.7456		10.2596
625		9.7492		10.2223
626		9.7622		10.0630
627		9.7141		10.1102
628		8.6726		3.4049
629		8.7305		3.9587
630		8.9444		10.3616
631		8.7587		8.2908
632		10.2382		2.6967
633		9.5420		4.0328
634		9.2033		3.2459
635		8.7538		10.3616
636		8.9677		10.3060
637		10.1561		10.3067
638		10.1156		10.3056
639		10.0772		10.3037
640		10.0398		10.3013
641		10.0028		10.2987
642		9.9660		10.2961
643		9.9292		10.2935
644		9.8924		10.2910
645		9.8555		10.2884
646		9.8188		10.2854
647		9.7830		10.2805
648		9.7509		10.2697
649		9.7286		10.2467
650		9.7238		10.2100
651		9.7362		10.0925
652		9.2020		7.3117
653		9.3349		10.3616
654		9.6935		10.3616
655		9.6855		10.3616
656		9.6840		10.3616
657		9.6878		10.3399
658		9.6941		10.3077
659		9.7006		10.2755
660		9.7069		10.2433
661		9.7129		10.2088
662		9.7241		10.1241
663		8.4066		10.1040
664		10.1915		10.3532
665		10.1330		10.3500
666		10.0963		10.3477
667		10.0590		10.3454
668		10.0218		10.3429
669		9.9850		10.3402
670		9.9484		10.3374
671		9.9119		10.3345
672		9.8756		10.3315
673		9.8394		10.3282
674		9.8036		10.3246
675		9.7685		10.3197
676		9.7355		10.3119
677		9.7076		10.2974
678		9.6902		10.2726
679		9.6872		10.2410
680		9.6925		10.2079
681		9.7017		10.1566
682		8.5510		10.3616
683		9.2828		10.3616
684		9.7381		10.3616
685		9.8201		10.3616
686		9.7862		10.3616
687		9.7526		10.3616
688		9.7207		10.3616
689		9.6924		10.3616
690		9.6709		10.3565
691		9.6599		10.3295
692		9.6597		10.2980
693		9.6653		10.2658
694		9.6717		10.2336
695		9.6778		10.2008
696		9.6861		10.1534
697		8.4977		3.9338
698		8.1257		3.2928
699		7.8601		3.2731
700		9.7427		10.3616
701		9.7224		10.2349
702		10.0398		10.2370
703		10.0001		10.2357
704		9.9618		10.2338
705		9.9241		10.2318
706		9.8867		10.2297
707		9.8490		10.2280
708		9.8111		10.2265
709		9.7726		10.2252
710		9.7343		10.2229
711		9.6983		10.2154
712		9.6717		10.1932
713		9.6676		10.1457
714		8.4875		3.8434
715		8.1234		8.7580
716		9.9497		10.3043
717		10.0561		10.3057
718		10.0149		10.3048
719		9.9761		10.3030
720		9.9385		10.3007
721		9.9015		10.2980
722		9.8648		10.2952
723		9.8283		10.2922
724		9.7921		10.2890
725		9.7562		10.2854
726		9.7212		10.2805
727		9.6882		10.2726
728		9.6604		10.2579
729		9.6432		10.2329
730		9.6404		10.2011
731		9.6459		10.1670
732		9.6596		10.0857
733		9.2432		6.8059
734		7.1831		10.3616
735		9.4087		10.2637
736		9.7923		10.2607
737		9.7561		10.2574
738		9.7205		10.2532
739		9.6864		10.2465
740		9.6568		10.2336
741		9.6371		10.2101
742		9.6323		10.1779
743		9.6388		10.1377
744		9.6349		9.5688
745		10.3413		10.1586
746		9.9823		10.1714
747		9.9415		10.1808
748		9.9026		10.1888
749		9.8645		10.1944
750		9.8264		10.1929
751		9.7879		10.1919
752		9.7489		10.1913
753		9.7094		10.1905
754		9.6707		10.1867
755		9.6383		10.1710
756		9.6252		10.1305
757		9.6387		9.6074
758		8.4982		10.3616
759		9.7247		10.2925
760		9.9632		10.2905
761		9.9256		10.2884
762		9.8882		10.2860
763		9.8512		10.2834
764		9.8145		10.2805
765		9.7781		10.2774
766		9.7421		10.2740
767		9.7065		10.2700
768		9.6720		10.2645
769		9.6400		10.2553
770		9.6141		10.2387
771		9.5996		10.2123
772		9.5986		10.1804
773		9.6043		10.1472
774		9.6136		10.0761
775		8.8402		9.8805
776		8.8118		9.4542
777		8.2827		3.8774
778		8.6950		10.3616
779		8.8243		3.1868
780		8.2694		9.7479
781		9.9882		10.1557
782		9.9691		10.1779
783		9.9234		10.1905
784		9.8828		10.1994
785		9.8443		10.2066
786		9.8068		10.2117
787		9.7698		10.2091
788		9.7330		10.2064
789		9.6965		10.2032
790		9.6607		10.1989
791		9.6272		10.1907
792		9.6002		10.1737
793		9.5867		10.1442
794		9.5903		10.0847
795		9.5176		9.7646
796		8.9498		10.3616
797		9.5292		10.3334
798		9.5533		10.3064
799		9.5527		10.2782
800		9.5541		10.2476
801		9.5588		10.2157
802		9.5650		10.1834
803		9.5714		10.1512
804		9.5774		10.1069
805		9.5932		9.9498
806		9.4059		9.5714
807		9.7086		10.0926
808		9.6570		10.1225
809		9.6062		10.1285
810		9.5773		10.0594
811		9.2129		9.6165
812		9.5330		9.5617
813		8.2798		3.3856
814		8.7653		10.3616
815		8.2331		3.5996
816		8.4296		2.9312
817		9.0756		10.3616
818		8.1804		6.7555
819		9.2427		4.2562
820		8.8331		10.3616
821		8.4566		3.0241
822		8.1310		7.8965
823		8.6374		2.2087
824		7.0044		1.3398
825		8.4387		1.3964
826		8.1001		2.6904
827		8.4757		3.3097
828		8.7036		3.2808
829		8.3497		2.5932
830		9.4489		4.8827
831		9.2386		1.3756
832		8.1559		2.6367
833		8.6481		2.9734
834		9.1426		3.5081
835		8.4010		10.3616
836		9.0468		3.7736
837		8.0596		3.2178
838		8.0853		4.6474
839		8.1475		4.7965
840		7.9689		3.9067
841		8.0560		3.1380
842		8.5537		1.3988
843		8.0713		10.3616
844		8.6737		10.3616
845		9.0058		10.2846
846		9.7148		10.2779
847		9.6825		10.2730
848		9.6485		10.2682
849		9.6147		10.2625
850		9.5825		10.2547
851		9.5537		10.2430
852		9.5310		10.2250
853		9.5181		10.1992
854		9.5162		10.1683
855		9.5211		10.1200
856		9.5272		10.0668
857		9.5344		9.9945
858		8.8609		10.3616
859		9.2423		9.7002
860		8.9343		10.2947
861		9.5745		10.2843
862		9.5486		10.2717
863		9.5265		10.2555
864		9.5103		10.2342
865		9.5018		10.2074
866		9.5013		10.1766
867		9.5061		10.1286
868		9.5123		10.0763
869		9.5184		10.0196
870		9.5330		9.8762
871		8.7009		2.9535
872		8.8542		10.3616
873		8.4545		2.9623
874		8.4237		10.1813
875		9.8159		10.1731
876		9.7853		10.1783
877		9.7486		10.1845
878		9.7117		10.1902
879		9.6750		10.1953
880		9.6389		10.1993
881		9.6035		10.2018
882		9.5694		10.2011
883		9.5379		10.1940
884		9.5118		10.1744
885		9.4956		10.1374
886		9.4920		10.0876
887		9.4966		10.0349
888		9.5031		9.9725
889		9.5238		9.6489
890		8.8443		10.1447
891		9.6581		10.1502
892		9.6216		10.1546
893		9.5861		10.1571
894		9.5520		10.1558
895		9.5212		10.1464
896		9.4972		10.1215
897		9.4850		10.0784
898		9.4854		10.0261
899		9.4915		9.9670
900		9.5098		9.7646
901		8.7426		10.3146
902		9.2938		10.0338
903		9.5528		10.0384
904		9.5180		10.0327
905		9.4923		10.0004
906		9.4868		9.9259
907		8.9448		7.5401
908		9.0890		10.3616
909		9.5060		10.0809
910		9.7461		10.0958
911		9.7043		10.1053
912		9.6655		10.1124
913		9.6281		10.1180
914		9.5917		10.1220
915		9.5565		10.1238
916		9.5231		10.1208
917		9.4937		10.1078
918		9.4724		10.0780
919		9.4637		10.0313
920		9.4664		9.9780
921		9.4735		9.9093
922		9.3821		9.7340
923		8.6539		6.1224
924		8.3093		2.0787
925		8.2708		10.3616
926		8.2461		3.8767
927		7.9724		10.3616
928		8.2052		3.8725
929		6.9381		2.9178
930		7.2618		0.3894
931		7.9162		2.7226
932		8.6034		2.7832
933		8.2199		10.3616
934		8.4285		2.4882
935		7.8137		1.5433
936		7.7095		3.8735
937		7.0665		2.7095
938		8.1466		10.2654
939		9.3575		10.1625
940		9.4349		10.1207
941		9.4345		10.0723
942		9.4387		10.0207
943		9.4447		9.9683
944		9.4508		9.9106
945		9.4679		9.7423
946		9.0132		6.0714
947		7.7865		10.3616
948		8.6017		10.2808
949		9.3930		10.2069
950		9.4390		10.1758
951		9.4301		10.1410
952		9.4244		10.0995
953		9.4239		10.0513
954		9.4280		9.9997
955		9.4339		9.9472
956		9.4401		9.8881
957		9.4595		9.6807
958		8.5215		6.3082
959		8.3299		6.9554
960		7.8072		1.7955
961		7.9289		10.1078
962		9.3552		10.3616
963		9.2860		10.3616
964		9.2069		10.3475
965		9.4508		9.9098
966		9.6741		9.9291
967		9.6297		9.9410
968		9.5895		9.9498
969		9.5509		9.9569
970		9.5136		9.9620
971		9.4779		9.9619
972		9.4467		9.9484
973		9.4266		9.9092
974		9.4252		9.8385
975		9.3286		9.7208
976		8.6885		10.3616
977		8.5529		9.7810
978		9.6620		9.8126
979		9.6093		9.8370
980		9.5601		9.8603
981		9.5113		9.8827
982		9.4639		9.8953
983		9.4267		9.8671
984		9.4242		9.7273
985		8.6939		9.9404
986		9.4209		9.9139
987		9.4103		9.8601
988		9.4213		9.7394
989		8.8623		10.1411
990		9.3837		10.0943
991		9.3866		10.0509
992		9.3873		10.0035
993		9.3908		9.9526
994		9.3964		9.9004
995		9.4024		9.8440
996		9.4161		9.7080
997		8.6882		9.7230
998		9.5283		9.8739
999		9.4185		9.8601
1000		9.4029		9.7718
1001		8.3229		10.3616
1002		8.7266		10.3616
1003		8.3673		2.8678
1004		8.2026		0.7044
1005		7.6648		10.3616
1006		7.9821		10.3616
1007		9.2795		10.0570
1008		9.5306		10.0561
1009		9.4979		10.0560
1010		9.4653		10.0536
1011		9.4347		10.0463
1012		9.4080		10.0314
1013		9.3874		10.0055
1014		9.3754		9.9669
1015		9.3728		9.9184
1016		9.3768		9.8663
1017		9.3828		9.8089
1018		9.3985		9.6342
1019		8.6476		10.3616
1020		8.2086		10.3616
1021		8.1798		2.8535
1022		8.4103		3.0907
1023		8.5958		5.3232
1024		8.8300		10.3533
1025		9.0947		10.3616
1026		8.3027		8.0384
1027		7.9855		10.3616
1028		8.3206		3.4720
1029		8.1911		10.3616
1030		8.7860		10.2413
1031		9.3287		10.0992
1032		9.3825		10.0675
1033		9.3729		10.0387
1034		9.3620		10.0068
1035		9.3540		9.9685
1036		9.3511		9.9226
1037		9.3535		9.8719
1038		9.3589		9.8191
1039		9.3655		9.7538
1040		9.3539		9.3591
1041		8.7523		10.2543
1042		9.2945		10.0773
1043		9.3716		10.0457
1044		9.3619		10.0167
1045		9.3513		9.9843
1046		9.3437		9.9453
1047		9.3413		9.8989
1048		9.3440		9.8479
1049		9.3495		9.7946
1050		9.3567		9.7216
1051		8.2526		2.5753
1052		8.1273		1.5787
1053		8.5354		9.6918
1054		9.5491		9.7417
1055		9.4975		9.7634
1056		9.4504		9.7820
1057		9.4053		9.7948
1058		9.3662		9.7834
1059		9.3477		9.7094
1060		8.2469		2.5527
1061		8.7854		10.2461
1062		8.2263		4.1599
1063		7.8531		3.5563
1064		7.9552		2.9362
1065		7.4540		10.3616
1066		7.1746		10.0881
1067		9.3317		10.0253
1068		9.3426		9.9927
1069		9.3341		9.9612
1070		9.3256		9.9252
1071		9.3208		9.8822
1072		9.3212		9.8330
1073		9.3256		9.7808
1074		9.3317		9.7210
1075		9.3513		9.4232
1076		8.0563		1.9953
1077		7.9731		2.0030
1078		7.4839		4.6619
1079		7.7136		4.2970
1080		7.8012		3.4569
1081		7.9569		2.9229
1082		8.7601		10.2099
1083		8.1212		6.6013
1084		9.4641		1.0130
1085		8.1642		0.6165
1086		8.6547		9.9981
1087		9.2862		9.9338
1088		9.3015		9.8881
1089		9.3037		9.8404
1090		9.3073		9.7896
1091		9.3127		9.7362
1092		9.3202		9.6499
1093		8.2201		2.5680
1094		7.8690		10.3616
1095		8.7301		1.9426
1096		8.7312		1.9879
1097		8.3127		5.3217
1098		7.0234		1.5377
1099		9.3515		0.3750
1100		8.9191		10.3616
1101		8.8310		0.5898
1102		8.0792		10.3616
1103		8.3266		2.8469
1104		8.1957		10.1015
1105		9.3714		9.8171
1106		9.4669		9.8376
1107		9.4222		9.8473
1108		9.3838		9.8505
1109		9.3497		9.8466
1110		9.3210		9.8323
1111		9.3005		9.8030
1112		9.2913		9.7585
1113		9.2924		9.7053
1114		9.2998		9.6034
1115		8.2040		2.5748
1116		8.5069		2.0547
1117		7.6450		4.5431
1118		8.8625		2.0174
1119		9.2612		0.6481
1120		8.8014		9.7617
1121		8.8513		0.3031
1122		7.8768		2.5515
1123		7.4835		9.5819
1124		7.7566		10.3616
1125		9.1830		10.2280
1126		9.2776		9.8750
1127		9.4379		9.8779
1128		9.4024		9.8807
1129		9.3679		9.8794
1130		9.3366		9.8721
1131		9.3098		9.8574
1132		9.2888		9.8340
1133		9.2747		9.8003
1134		9.2683		9.7564
1135		9.2692		9.7057
1136		9.2743		9.6322
1137		9.2875		9.4239
1138		7.7726		0.6496
1139		6.9417		0.7428
1140		9.1009		2.3486
1141		9.6636		9.5750
1142		8.5615		9.8582
1143		9.3594		9.8582
1144		9.3272		9.8518
1145		9.2999		9.8379
1146		9.2782		9.8155
1147		9.2633		9.7832
1148		9.2559		9.7407
1149		9.2558		9.6907
1150		9.2604		9.6115
1151		9.2715		9.4370
1152		7.7699		0.7348
1153		7.4688		10.0395
1154		9.1761		9.6478
1155		9.3943		9.6882
1156		9.3484		9.7105
1157		9.3095		9.7148
1158		9.2775		9.7019
1159		9.2566		9.6559
1160		9.2522		9.5702
1161		9.2668		9.3086
1162		8.5023		10.3616
1163		7.9699		9.8437
1164		9.3592		9.8398
1165		9.3281		9.8354
1166		9.2988		9.8251
1167		9.2741		9.8078
1168		9.2550		9.7829
1169		9.2417		9.7495
1170		9.2351		9.7068
1171		9.2351		9.6416
1172		9.2397		9.5606
1173		9.2512		9.3708
1174		7.7504		0.6649
1175		7.1326		10.3616
1176		8.8548		2.2058
1177		8.7044		3.6752
1178		8.3589		10.2223
1179		8.3207		9.4226
1180		9.3250		9.5767
1181		9.2440		9.5269
1182		9.2406		9.2382
1183		8.8096		5.5407
1184		7.8518		9.9905
1185		7.3897		6.9624
1186		8.3255		3.0440
1187		7.6373		1.1776
1188		8.1423		10.3475
1189		8.4366		6.5568
1190		9.6157		10.3616
1191		8.8033		0.2895
1192		8.6352		0.6962
1193		7.5538		10.3616
1194		7.5443		2.6698
1195		6.4608		2.2924
1196		8.1966		9.9344
1197		9.2329		8.1334
1198		8.0501		3.3174
1199		8.6417		10.3616
1200		8.1409		9.8928
1201		9.1042		9.6866
1202		9.2057		9.6178
1203		9.2097		9.5432
1204		9.2162		9.4403
1205		8.1493		2.1196
1206		6.3392		0.6327
1207		7.0872		2.6760
1208		5.9928		5.2514
1209		7.4710		1.0858
1210		7.7902		1.8911
1211		8.2498		9.5368
1212		7.8542		0.4951
1213		8.1734		0.7861
1214		8.2357		10.3616
1215		7.2448		0.9531
1216		7.8553		0.4773
1217		8.9364		10.3616
1218		7.4727		10.3616
1219		8.0757		0.9009
1220		8.4968		8.8835
1221		8.0897		1.9803
1222		7.6912		2.4982
1223		7.2178		3.5598
1224		7.7426		10.1410
1225		8.5725		9.9319
1226		9.2304		9.9043
1227		9.0969		9.6603
1228		9.1824		9.5890
1229		9.1875		9.5159
1230		9.1931		9.4260
1231		9.1687		9.2559
1232		7.7015		0.9602
1233		7.8674		10.3387
1234		7.8570		9.7512
1235		9.1338		9.6210
1236		9.1766		9.5479
1237		9.1823		9.4720
1238		9.1894		9.3551
1239		8.1169		2.2023
1240		8.6417		10.2751
1241		8.2787		10.3616
1242		7.7200		9.9852
1243		7.5767		9.3911
1244		9.2073		9.3146
1245		8.4163		6.1184
1246		8.7962		9.6821
1247		9.2515		9.6966
1248		9.2170		9.6862
1249		9.1934		9.6592
1250		9.1776		9.6190
1251		9.1684		9.5654
1252		9.1655		9.4987
1253		9.1684		9.4193
1254		9.1767		9.2635
1255		7.7022		0.6593
1256		7.9333		6.6828
1257		7.7962		10.1104
1258		8.5244		3.3436
1259		7.4987		9.8630
1260		9.1463		9.7180
1261		9.1839		9.6782
1262		9.1732		9.6393
1263		9.1628		9.5945
1264		9.1555		9.5397
1265		9.1533		9.4729
1266		9.1562		9.3932
1267		9.1638		9.2373
1268		7.6925		0.6627
1269		8.0295		8.9650
1270		8.3663		10.0603
1271		8.6007		9.4530
1272		9.1773		9.4476
1273		9.1537		9.3810
1274		9.1557		9.2193
1275		7.6863		0.8005
1276		7.9245		4.2739
1277		7.8587		1.2040
1278		7.1701		2.6674
1279		7.2704		3.5136
1280		7.8103		2.9249
1281		8.0332		8.8865
1282		8.2580		9.8614
1283		9.0986		9.3737
1284		9.2073		9.4174
1285		9.1617		9.4070
1286		9.1409		9.3186
1287		9.0593		9.4235
1288		8.0208		2.0126
1289		7.0022		10.3082
1290		8.5665		9.5467
1291		9.1865		9.5587
1292		9.1538		9.5387
1293		9.1353		9.4964
1294		9.1272		9.4363
1295		9.1272		9.3612
1296		9.1328		9.2467
1297		8.0750		2.5803
1298		8.1016		8.8135
1299		8.9769		9.8481
1300		9.0443		9.3655
1301		9.1820		9.4014
1302		9.1399		9.3820
1303		9.1226		9.2966
1304		9.0986		9.1945
1305		7.6567		0.7100
1306		7.6527		10.3232
1307		8.1897		8.5548
1308		8.6208		5.5222
1309		8.2098		1.6700
1310		7.0758		0.9440
1311		7.7177		0.4420
1312		9.0356		10.3616
1313		7.5770		10.0190
1314		8.8067		2.2946
1315		7.0013		2.5920
1316		8.3889		3.9308
1317		7.9489		1.9325
1318		8.0019		2.5494
1319		6.8665		3.2666
1320		8.3613		9.4616
1321		9.1046		9.4086
1322		9.1014		9.3386
1323		9.1049		9.2455
1324		8.7563		6.1447
1325		8.7312		9.5978
1326		9.1330		9.5666
1327		9.1181		9.5292
1328		9.1067		9.4874
1329		9.0976		9.4386
1330		9.0922		9.3789
1331		9.0918		9.3055
1332		9.0959		9.2024
1333		8.0568		1.7122
1334		7.0107		7.8193
1335		8.5495		1.0936
1336		8.4831		1.2860
1337		8.0706		10.3616
1338		8.0127		9.3119
1339		9.0680		9.1332
1340		7.6484		0.8145
1341		6.8458		0.6468
1342		7.8963		3.6244
1343		6.4279		8.8037
1344		7.9218		9.8079
1345		7.9570		2.7269
1346		8.0521		3.4740
1347		6.5666		3.1505
1348		6.0590		0.8210
1349		8.1898		1.1165
1350		7.6657		2.9187
1351		6.3880		1.3731
1352		7.0308		0.9918
1353		8.2518		0.7550
1354		7.9738		0.6047
1355		8.3787		2.7626
1356		6.8600		3.8023
1357		7.6710		3.4708
1358		6.9783		10.2907
1359		8.4270		0.6992
1360		7.6361		10.0079
1361		8.5769		2.6408
1362		7.2829		0.9683
1363		7.1279		1.5112
1364		6.8695		9.9875
1365		8.6404		2.5644
1366		7.2081		9.5025
1367		9.1093		9.7022
1368		9.0827		9.5647
1369		9.0890		9.5165
1370		9.0787		9.4734
1371		9.0691		9.4299
1372		9.0604		9.3826
1373		9.0538		9.3268
1374		9.0513		9.2579
1375		9.0530		9.1689
1376		8.7598		5.3882
1377		8.2417		2.5122
1378		6.4698		1.6382
1379		6.9990		8.9999
1380		8.3868		0.8314
1381		9.7521		9.2439
1382		9.1116		9.9680
1383		8.1762		3.6401
1384		6.2019		0.9165
1385		7.6777		8.2113
1386		8.8712		9.2435
1387		8.0533		9.9182
1388		7.4548		3.2423
1389		6.9527		1.3346
1390		7.0146		6.4831
1391		8.2851		2.0125
1392		7.2858		1.2162
1393		8.2118		3.0519
1394		8.3744		0.9368
1395		8.3910		0.6602
1396		7.4088		2.5170
1397		7.3708		0.8411
1398		8.0347		8.7325
1399		7.8846		0.8441
1400		7.7848		10.3616
1401		7.4314		1.0793
1402		8.1292		0.9171
1403		8.0637		10.3616
1404		8.3680		10.3616
1405		7.3939		0.9037
1406		7.7974		0.2253
1407		8.0923		9.7787
1408		8.4146		9.2932
1409		8.3351		9.7320
1410		7.9893		1.3969
1411		5.6422		10.3616
1412		6.8779		10.0172
1413		8.8507		9.8785
1414		8.0250		6.7275
1415		7.6538		3.9613
1416		7.7246		10.2673
1417		7.7026		10.1096
1418		8.2514		9.5436
1419		9.0183		9.4147
1420		9.0213		9.3687
1421		9.0126		9.3192
1422		9.0061		9.2650
1423		9.0018		9.1998
1424		8.9999		9.1204
1425		8.8844		9.4406
1426		7.8498		2.2785
1427		6.7944		9.7677
1428		7.4016		3.6481
1429		7.5794		0.5464
1430		7.5331		4.0788
1431		6.9087		5.9160
1432		8.3338		9.3540
1433		9.0021		9.3093
1434		8.9934		9.2558
1435		8.9884		9.1929
1436		8.9853		9.1173
1437		8.9202		9.2617
1438		7.8794		1.6565
1439		6.6941		0.9491
1440		7.4660		9.7412
1441		6.8091		9.0721
1442		8.6932		0.4803
1443		7.9574		6.3985
1444		8.7370		1.3373
1445		9.1042		0.5803
1446		8.0191		1.3229
1447		8.2386		1.2806
1448		7.4920		1.2994
1449		7.7641		5.5286
1450		8.2712		10.3616
1451		7.6420		9.2785
1452		8.9388		9.1343
1453		8.9554		9.0853
1454		7.9558		1.7091
1455		6.9147		6.9013
1456		8.1835		10.0153
1457		7.8705		0.1845
1458		7.0348		0.4725
1459		8.3252		8.8552
1460		8.6560		9.1057
1461		8.6108		1.5280
1462		7.7809		8.7730
1463		8.1907		9.7629
1464		8.0548		9.1092
1465		8.9116		9.1549
1466		7.8971		1.5208
1467		7.0549		9.0600
1468		7.9402		1.4705
1469		6.1645		9.5503
1470		7.9354		1.3369
1471		7.1779		1.4013
1472		7.4029		0.9518
1473		7.6985		0.4274
1474		7.2502		1.7961
1475		6.7117		8.6758
1476		8.1793		9.5929
1477		8.0461		9.6541
1478		7.1419		3.7773
1479		7.2635		3.0009
1480		7.7890		0.4057
1481		7.1791		1.0464
1482		7.3599		10.3190
1483		7.4622		9.3136
1484		8.8980		9.1042
1485		8.8912		9.1382
1486		7.8867		1.4669
1487		6.6786		4.0873
1488		7.8230		8.3647
1489		8.2221		1.4269
1490		7.3157		1.7967
1491		7.7220		2.3804
1492		8.2472		4.6156
1493		8.8119		8.5624
1494		8.2690		10.1373
1495		6.8616		0.4078
1496		7.2006		1.7655
1497		6.6497		1.8046
1498		6.8341		4.0873
1499		7.5429		1.7233
1500		6.9851		2.5327
1501		8.2130		9.6782
1502		7.0368		3.2203
1503		7.5739		3.5417
1504		8.3269		1.3228
1505		7.2103		1.1006
1506		7.7945		4.6901
1507		7.5801		9.8194
1508		8.5935		9.7496
1509		7.3400		7.9942
1510		6.1596		1.3867
1511		8.4907		9.3096
1512		8.3800		3.8201
1513		7.2923		6.8907
1514		8.1828		9.6757
1515		8.3526		9.3055
1516		8.8794		9.1135
1517		8.8680		9.0857
1518		8.0171		10.1146
1519		7.7679		0.4446
1520		8.2415		0.3374
1521		6.8068		2.8942
1522		7.3735		3.1455
1523		6.1548		0.4638
1524		9.0256		10.2799
1525		7.6937		10.1488
1526		6.9964		5.6384
1527		7.0616		10.0206
1528		9.1648		10.2241
1529		7.0232		9.5241
1530		8.0118		1.3945
1531		7.5216		3.7804
1532		7.1328		3.6901
1533		7.3827		8.8923
1534		8.9646		9.4577
1535		7.8671		9.1288
1536		8.8596		9.0757
1537		8.7270		9.1352
1538		7.8267		1.3569
1539		7.1961		9.4751
1540		7.6898		1.3287
1541		7.5653		3.5382
1542		7.3115		8.9498
1543		7.9857		4.0688
1544		7.6165		0.7978
1545		7.3734		9.4387
1546		7.7232		9.6273
1547		7.9869		9.0995
1548		7.8394		1.3339
1549		7.6376		9.9678
1550		7.0737		9.9887
1551		7.7750		0.9419
1552		7.9469		0.2797
1553		5.8011		10.2855
1554		7.3158		4.9252
1555		7.6051		0.4078
1556		8.4552		0.8363
1557		7.9014		7.4638
1558		7.8803		2.0071
1559		7.7878		1.3625
1560		6.4285		1.5732
1561		7.1868		7.2347
1562		7.9872		9.0672
1563		7.9909		10.0315
1564		7.1614		1.4896
1565		7.3323		2.9451
1566		6.1906		5.3048
1567		7.1185		0.9553
1568		7.6852		3.1630
1569		7.4693		1.9296
1570		7.6270		7.2816
1571		8.9894		8.9726
1572		7.3735		0.5906
1573		7.7384		9.5410
1574		7.9889		3.2170
1575		6.8790		8.9437
1576		8.8858		9.5138
1577		6.5731		0.7744
1578		5.1463		2.0070
1579		6.0542		0.4277
1580		6.6843		3.0936
1581		6.5915		5.3115
1582		8.0209		9.3305
1583		7.6290		0.7347
1584		8.2447		10.0261
1585		8.4010		10.1682
1586		7.1533		3.4135
1587		7.2220		1.2747
1588		8.0800		9.6193
1589		8.5889		9.1845
1590		7.7400		9.0027
1591		7.3458		0.6716
1592		7.7676		2.0273
1593		6.9003		5.4334
1594		7.6676		0.6488
1595		8.4931		0.6994
1596		7.9620		0.6959
1597		8.3751		3.8976
1598		7.1844		0.7686
1599		7.1911		3.5411
1600		7.0065		2.1321
1601		6.7350		3.7260
1602		7.0597		2.0020
1603		6.1939		0.4804
1604		7.6050		3.1970
1605		7.4282		1.8762
1606		7.6242		6.8777
1607		8.2420		8.7620
1608		8.7959		9.4957
1609		7.9844		9.1202
1610		7.6358		3.8256
1611		7.6934		0.9415
1612		8.2250		0.2648
1613		8.0961		0.2037
1614		7.5205		9.4716
1615		7.9746		9.1124
1616		7.9699		3.3758
1617		7.2671		3.1740
1618		7.2576		8.6349
1619		8.0488		0.2766
1620		8.1139		0.2849
1621		8.0176		2.3324
1622		6.9001		9.7677
1623		7.8577		1.1887
1624		7.6757		3.4276
1625		7.2114		3.0247
1626		5.3883		1.4621
1627		6.9797		8.8954
1628		8.8042		9.3812
1629		7.2424		1.4489
1630		7.1173		9.7150
1631		7.5780		0.7015
1632		7.2220		2.8531
1633		6.9359		0.4953
1634		8.1016		10.2210
1635		7.4469		9.7017
1636		7.7401		1.3885
1637		6.9248		8.4882
1638		7.8816		1.0772
1639		7.5721		0.5977
1640		8.0218		1.0767
1641		7.2203		2.2600
1642		6.7520		0.8792
1643		6.7500		7.6915
1644		7.1720		10.2123
1645		7.9852		9.5992
1646		7.4025		0.8279
1647		7.5888		6.0950
1648		8.1819		7.8507
1649		8.2021		0.5503
1650		7.6698		4.5244
1651		7.7849		6.2665
1652		8.6649		8.1112
1653		8.2576		0.9191
1654		7.1621		3.6740
1655		7.3606		9.5573
1656		8.3985		1.5668
1657		7.0572		9.2894
1658		7.9887		4.5799
1659		8.2414		0.9115
1660		7.1621		3.6690
1661		7.3856		9.6603
1662		7.5379		2.2106
1663		7.1434		9.5636
1664		7.6068		5.7755
1665		7.2152		3.2204
1666		7.3922		3.0895
1667		6.1048		0.6116
1668		7.6184		3.4651
1669		6.1101		1.4788
1670		6.9970		1.2535
1671		7.8983		1.0165
1672		7.3861		8.8437
1673		8.6044		8.1999
1674		8.0344		0.6436
1675		7.1115		3.2391
1676		7.9121		0.5397
1677		7.4293		0.4147
1678		7.6007		0.4557
1679		7.4186		0.2972
1680		6.9450		7.3246
1681		8.6351		8.4992
1682		8.3108		0.3718
1683		8.9648		0.8157
1684		7.5918		7.6061
1685		8.4342		8.7011
1686		8.3853		0.1752
1687		8.7559		0.3810
1688		8.0555		0.9244
1689		7.7714		4.0289
1690		7.5759		8.4208
1691		8.3675		0.2925
1692		8.6875		0.2302
1693		8.5996		7.3472
1694		8.0559		0.7727
1695		7.3124		8.6814
1696		8.5310		3.8113
1697		7.1143		0.8970
1698		7.3031		7.2409
1699		8.0646		0.5285
1700		7.8150		0.5978
1701		7.6503		0.7204
1702		7.9627		0.0269
1703		6.0214		9.2613
1704		7.9659		6.5054
1705		7.8444		3.9918
1706		8.3499		0.4815
1707		8.4703		8.5920
1708		8.4882		2.4348
1709		6.5407		2.8345
1710		7.0060		9.2499
1711		7.0043		1.2214
1712		7.5489		8.8372
1713		7.5507		7.7427
1714		8.2281		9.2354
1715		7.1746		4.8711
1716		7.3553		10.2118
1717		7.3477		9.1070
1718		8.0581		2.3203
1719		7.8062		8.3508
1720		8.3630		0.2847
1721		8.6871		0.5184
1722		7.6111		2.1904
1723		5.1219		7.5835
1724		8.0990		9.1163
1725		6.9479		10.0301
1726		7.1656		3.8589
1727		8.2848		0.6578
1728		7.6188		0.4416
1729		7.9203		10.2968
1730		5.9875		2.0351
1731		7.5528		9.0353
1732		6.8160		2.4924
1733		6.4763		5.1714
1734		8.0435		9.1140
1735		6.7810		7.7507
1736		8.0706		9.0900
1737		8.3168		7.0609
1738		7.7476		0.9060
1739		8.2124		0.3309
1740		7.7460		7.0958
1741		8.7263		7.0791
1742		8.6603		8.3883
1743		7.2136		1.8526
1744		6.9990		0.3463
1745		8.0924		1.2513
1746		7.4783		3.5067
1747		6.7104		7.1546
1748		8.1076		9.1277
1749		6.9103		1.5816
1750		6.5647		4.0028
1751		8.7631		8.4540
1752		8.0114		6.7486
1753		8.5764		8.4653
1754		7.8342		4.2363
1755		7.2122		0.9208
1756		7.8553		7.9796
1757		8.3127		9.5467
1758		7.9015		9.0097
1759		7.1979		1.1584
1760		7.2049		9.2565
1761		6.8871		1.1789
1762		7.0949		3.4641
1763		6.9997		7.1642
1764		8.0165		1.4492
1765		7.1277		9.1694
1766		6.5809		0.6008
1767		7.4604		3.5586
1768		7.3420		9.0911
1769		6.4328		0.7437
1770		6.9868		6.0847
1771		8.4409		0.5466
1772		7.1371		2.2023
1773		8.3255		0.3765
1774		8.0809		9.9419
1775		6.9201		8.8751
1776		7.3419		4.7661
1777		7.9138		8.9854
1778		7.6388		4.1937
1779		8.4332		9.3290
1780		7.8102		9.0403
1781		6.4058		1.1005
1782		7.3793		3.9395
1783		8.6613		9.2403
1784		8.4117		3.5482
1785		7.3656		9.0428
1786		6.4422		0.6839
1787		7.4611		8.2572
1788		8.6871		7.5283
1789		8.1026		0.5672
1790		7.6849		0.4976
1791		7.3064		1.0365
1792		6.4927		4.1070
1793		8.3518		9.7614
1794		7.4457		0.5218
1795		7.1659		3.3645
1796		7.1288		8.0241
1797		8.3185		2.8476
1798		7.3472		8.2900
1799		8.7169		1.9750
1800		7.0509		9.0224
1801		6.3753		0.7091
1802		7.1338		0.9010
1803		7.6406		7.0238
1804		8.0863		0.9128
1805		7.0494		3.1801
1806		7.1977		3.1443
1807		7.4773		2.3939
1808		7.3687		4.8273
1809		6.8086		3.7008
1810		8.0772		3.4914
1811		7.3707		0.2227
1812		7.6280		2.0364
1813		7.0784		8.9778
1814		6.9159		1.0869
1815		7.0524		6.7285
1816		9.0902		8.5739
1817		8.2703		0.2169
1818		7.9979		0.9024
1819		7.7765		8.1412
1820		7.5831		5.4987
1821		6.9029		0.6418
1822		6.5140		6.4349
1823		9.0594		9.0632
1824		6.2543		0.7787
1825		7.7866		8.5716
1826		8.4128		0.8083
1827		8.1799		6.8888
1828		7.8523		2.2084
1829		7.6870		0.4762
1830		7.2793		3.2641
1831		7.3135		2.0075
1832		7.0318		8.9783
1833		6.6194		1.2558
1834		7.1565		1.9284
1835		6.3300		4.8671
1836		6.5326		0.8421
1837		7.2815		9.2160
1838		7.8321		8.9519
1839		7.2218		9.7061
1840		8.2174		9.0160
1841		6.0996		0.5684
1842		7.4359		5.0633
1843		8.0973		5.8167
1844		7.9162		1.6984
1845		5.9064		0.4660
1846		7.1324		0.6714
1847		7.6158		7.0593
1848		7.1760		9.7041
1849		7.1996		2.2402
1850		6.5161		4.0387
1851		7.2927		9.9868
1852		7.9550		6.7755
1853		7.3131		8.6925
1854		6.1980		10.1216
1855		7.5691		2.9164
1856		7.3020		0.9651
1857		7.5526		8.9808
1858		6.0453		1.0336
1859		7.6022		2.4278
1860		7.1907		0.5092
1861		7.7958		0.3690
1862		7.5890		0.7110
1863		7.1767		9.9620
1864		7.2238		8.8201
1865		6.7589		8.5464
1866		7.8888		0.1159
1867		6.9916		0.3631
1868		8.0996		9.3411
1869		6.7117		1.9405
1870		6.4240		0.5258
1871		6.4799		8.5090
1872		6.5680		9.8596
1873		6.4162		0.8196
1874		7.2735		0.7756
1875		7.8485		0.0162
1876		6.8147		8.8942
1877		6.8365		9.4744
1878		6.1014		0.6995
1879		6.5674		0.3463
1880		7.1204		1.9709
1881		6.5188		4.6497
1882		7.2995		7.0358
1883		6.1306		0.8535
1884		7.8645		8.3620
1885		7.7352		2.0015
1886		7.0369		7.4840
1887		8.2212		1.1137
1888		7.1930		4.3955
1889		5.0428		9.6405
1890		7.2729		8.6570
1891		6.4931		0.4228
1892		7.3181		9.7327
1893		7.4347		8.1860
1894		8.3222		0.4776
1895		8.1257		5.4154
1896		7.7817		3.1212
1897		5.7629		9.2364
1898		5.8685		8.2847
1899		7.8255		3.4939
1900		7.2125		8.5574
1901		7.3702		7.0006
1902		6.1169		0.9088
1903		6.7247		9.0615
1904		5.6270		0.9183
1905		7.0832		4.0591
1906		6.3370		0.7707
1907		7.8564		0.2471
1908		7.4564		2.0096
1909		7.1123		8.9269
1910		6.7902		10.0884
1911		7.4185		6.9671
1912		8.0391		4.2474
1913		6.7221		0.4144
1914		7.3647		0.3446
1915		7.4593		7.7619
1916		8.3087		0.6180
1917		8.4152		9.0306
1918		5.9873		9.8713
1919		7.1246		8.7346
1920		6.2158		2.0121
1921		5.8874		8.7716
1922		8.4896		3.4503
1923		7.2544		8.8915
1924		6.4984		4.6242
1925		8.2324		8.8975
1926		7.0832		3.3094
1927		7.0682		3.3996
1928		7.1718		3.5011
1929		7.2356		2.8212
1930		7.2413		8.9289
1931		7.2208		2.3895
1932		5.9960		3.0296
1933		6.7285		3.0050
1934		6.5261		8.7033
1935		6.8581		1.1132
1936		7.0588		6.7528
1937		8.5364		8.5681
1938		7.6521		2.9873
1939		7.6583		0.5726
1940		6.5821		7.1293
1941		8.0627		0.8649
1942		7.2171		1.5188
1943		5.7294		9.3634
1944		7.9655		8.1726
1945		7.6822		0.4774
1946		7.4042		1.6325
1947		6.5491		1.5779
1948		6.9353		1.1697
1949		7.0230		4.9595
1950		6.5364		4.1344
1951		6.4221		0.3873
1952		7.0343		2.3241
1953		6.8801		8.8323
1954		6.6590		5.4892
1955		5.3405		9.2937
1956		7.4669		0.9932
1957		7.0699		3.8928
1958		6.9404		0.8833
1959		7.1709		5.3890
1960		7.3825		1.2612
1961		7.1130		7.3508
1962		8.0313		0.4548
1963		7.3293		0.2774
1964		8.1449		6.4132
1965		6.2062		1.6134
1966		6.6862		9.3865
1967		7.9434		8.5320
1968		7.4550		7.8975
1969		8.2980		0.3871
1970		8.2106		5.1890
1971		7.7455		3.2676
1972		7.3207		2.4933
1973		6.1362		4.1318
1974		8.4128		8.8079
1975		6.0030		1.5379
1976		6.5826		2.2237
1977		6.6481		8.6013
1978		6.1773		1.7495
1979		6.8611		8.5902
1980		6.1583		0.5333
1981		5.2778		9.7122
1982		7.5305		8.1426
1983		8.1459		7.9315
1984		8.1281		1.3980
1985		7.0493		8.6464
1986		6.8775		0.9914
1987		7.0182		4.7809
1988		6.4110		5.1770
1989		7.8649		8.6645
1990		8.1807		3.2900
1991		6.5582		7.6887
1992		8.2189		3.3217
1993		7.2247		3.2061
1994		5.2718		0.7735
1995		6.2873		0.4750
1996		6.7719		3.3680
1997		6.4714		7.8348
1998		7.8471		6.7324
1999		8.3556		8.7035
2000		5.7431		7.4874
