Epoch	Training Loss	Validation Loss
1		0.6877		0.6628
2		0.6783		0.6609
3		0.6767		0.6626
4		0.6757		0.6649
5		0.6748		0.6672
6		0.6740		0.6695
7		0.6733		0.6717
8		0.6727		0.6739
9		0.6721		0.6759
10		0.6716		0.6778
11		0.6711		0.6796
12		0.6707		0.6814
13		0.6703		0.6831
14		0.6700		0.6846
15		0.6697		0.6861
16		0.6695		0.6876
17		0.6692		0.6889
18		0.6690		0.6902
19		0.6688		0.6914
20		0.6687		0.6926
21		0.6685		0.6937
22		0.6684		0.6947
23		0.6683		0.6957
24		0.6682		0.6967
25		0.6681		0.6975
26		0.6680		0.6984
27		0.6679		0.6992
28		0.6678		0.6999
29		0.6678		0.7007
30		0.6677		0.7013
31		0.6677		0.7020
32		0.6676		0.7026
33		0.6676		0.7032
34		0.6675		0.7037
35		0.6675		0.7042
36		0.6675		0.7047
37		0.6674		0.7052
38		0.6674		0.7056
39		0.6674		0.7060
40		0.6674		0.7064
41		0.6673		0.7068
42		0.6673		0.7071
43		0.6673		0.7075
44		0.6673		0.7078
45		0.6673		0.7081
46		0.6673		0.7083
47		0.6673		0.7086
48		0.6672		0.7089
49		0.6672		0.7091
50		0.6672		0.7093
51		0.6672		0.7095
52		0.6672		0.7097
53		0.6672		0.7099
54		0.6672		0.7101
55		0.6672		0.7103
56		0.6672		0.7104
57		0.6672		0.7106
58		0.6672		0.7107
59		0.6672		0.7109
60		0.6672		0.7110
61		0.6671		0.7111
62		0.6671		0.7112
63		0.6671		0.7113
64		0.6671		0.7114
65		0.6671		0.7115
66		0.6671		0.7116
67		0.6671		0.7117
68		0.6671		0.7118
69		0.6671		0.7119
70		0.6671		0.7119
71		0.6671		0.7120
72		0.6671		0.7121
73		0.6671		0.7121
74		0.6671		0.7122
75		0.6671		0.7122
76		0.6671		0.7123
77		0.6671		0.7123
78		0.6671		0.7124
79		0.6671		0.7124
80		0.6671		0.7124
81		0.6671		0.7125
82		0.6671		0.7125
83		0.6671		0.7125
84		0.6671		0.7126
85		0.6671		0.7126
86		0.6670		0.7126
87		0.6670		0.7127
88		0.6670		0.7127
89		0.6670		0.7127
90		0.6670		0.7127
91		0.6670		0.7127
92		0.6670		0.7128
93		0.6670		0.7128
94		0.6670		0.7128
95		0.6670		0.7128
96		0.6670		0.7128
97		0.6670		0.7128
98		0.6670		0.7129
99		0.6670		0.7129
100		0.6670		0.7129
101		0.6670		0.7129
102		0.6670		0.7129
103		0.6670		0.7129
104		0.6670		0.7129
105		0.6670		0.7129
106		0.6670		0.7129
107		0.6670		0.7129
108		0.6670		0.7129
109		0.6670		0.7129
110		0.6670		0.7129
111		0.6670		0.7129
112		0.6670		0.7129
113		0.6670		0.7130
114		0.6670		0.7130
115		0.6670		0.7130
116		0.6670		0.7130
117		0.6670		0.7130
118		0.6669		0.7130
119		0.6669		0.7130
120		0.6669		0.7130
121		0.6669		0.7130
122		0.6669		0.7130
123		0.6669		0.7130
124		0.6669		0.7130
125		0.6669		0.7130
126		0.6669		0.7130
127		0.6669		0.7130
128		0.6669		0.7130
129		0.6669		0.7130
130		0.6669		0.7130
131		0.6669		0.7130
132		0.6669		0.7130
133		0.6669		0.7130
134		0.6669		0.7130
135		0.6669		0.7129
136		0.6669		0.7129
137		0.6669		0.7129
138		0.6669		0.7129
139		0.6669		0.7129
140		0.6669		0.7129
141		0.6669		0.7129
142		0.6669		0.7129
143		0.6669		0.7129
144		0.6669		0.7129
145		0.6669		0.7129
146		0.6669		0.7129
147		0.6669		0.7129
148		0.6669		0.7129
149		0.6669		0.7129
150		0.6669		0.7129
151		0.6669		0.7129
152		0.6668		0.7129
153		0.6668		0.7129
154		0.6668		0.7129
155		0.6668		0.7129
156		0.6668		0.7129
157		0.6668		0.7129
158		0.6668		0.7129
159		0.6668		0.7129
160		0.6668		0.7129
161		0.6668		0.7129
162		0.6668		0.7129
163		0.6668		0.7129
164		0.6668		0.7129
165		0.6668		0.7129
166		0.6668		0.7129
167		0.6668		0.7129
168		0.6668		0.7129
169		0.6668		0.7128
170		0.6668		0.7128
171		0.6668		0.7128
172		0.6668		0.7128
173		0.6668		0.7128
174		0.6668		0.7128
175		0.6668		0.7128
176		0.6668		0.7128
177		0.6668		0.7128
178		0.6668		0.7128
179		0.6668		0.7128
180		0.6668		0.7128
181		0.6668		0.7128
182		0.6668		0.7128
183		0.6668		0.7128
184		0.6668		0.7128
185		0.6667		0.7128
186		0.6667		0.7128
187		0.6667		0.7128
188		0.6667		0.7128
189		0.6667		0.7128
190		0.6667		0.7128
191		0.6667		0.7128
192		0.6667		0.7128
193		0.6667		0.7128
194		0.6667		0.7128
195		0.6667		0.7128
196		0.6667		0.7127
197		0.6667		0.7127
198		0.6667		0.7127
199		0.6667		0.7127
200		0.6667		0.7127
201		0.6667		0.7127
202		0.6667		0.7127
203		0.6667		0.7127
204		0.6667		0.7127
205		0.6667		0.7127
206		0.6667		0.7127
207		0.6667		0.7127
208		0.6667		0.7127
209		0.6667		0.7127
210		0.6667		0.7127
211		0.6667		0.7127
212		0.6667		0.7127
213		0.6667		0.7127
214		0.6667		0.7127
215		0.6667		0.7127
216		0.6667		0.7127
217		0.6667		0.7127
218		0.6667		0.7127
219		0.6666		0.7127
220		0.6666		0.7127
221		0.6666		0.7127
222		0.6666		0.7126
223		0.6666		0.7126
224		0.6666		0.7126
225		0.6666		0.7126
226		0.6666		0.7126
227		0.6666		0.7126
228		0.6666		0.7126
229		0.6666		0.7126
230		0.6666		0.7126
231		0.6666		0.7126
232		0.6666		0.7126
233		0.6666		0.7126
234		0.6666		0.7126
235		0.6666		0.7126
236		0.6666		0.7126
237		0.6666		0.7126
238		0.6666		0.7126
239		0.6666		0.7126
240		0.6666		0.7126
241		0.6666		0.7126
242		0.6666		0.7126
243		0.6666		0.7126
244		0.6666		0.7126
245		0.6666		0.7126
246		0.6666		0.7126
247		0.6666		0.7126
248		0.6666		0.7125
249		0.6666		0.7125
250		0.6666		0.7125
251		0.6666		0.7125
252		0.6666		0.7125
253		0.6665		0.7125
254		0.6665		0.7125
255		0.6665		0.7125
256		0.6665		0.7125
257		0.6665		0.7125
258		0.6665		0.7125
259		0.6665		0.7125
260		0.6665		0.7125
261		0.6665		0.7125
262		0.6665		0.7125
263		0.6665		0.7125
264		0.6665		0.7125
265		0.6665		0.7125
266		0.6665		0.7125
267		0.6665		0.7125
268		0.6665		0.7125
269		0.6665		0.7125
270		0.6665		0.7125
271		0.6665		0.7125
272		0.6665		0.7125
273		0.6665		0.7125
274		0.6665		0.7124
275		0.6665		0.7124
276		0.6665		0.7124
277		0.6665		0.7124
278		0.6665		0.7124
279		0.6665		0.7124
280		0.6665		0.7124
281		0.6665		0.7124
282		0.6665		0.7124
283		0.6665		0.7124
284		0.6665		0.7124
285		0.6665		0.7124
286		0.6665		0.7124
287		0.6664		0.7124
288		0.6664		0.7124
289		0.6664		0.7124
290		0.6664		0.7124
291		0.6664		0.7124
292		0.6664		0.7124
293		0.6664		0.7124
294		0.6664		0.7124
295		0.6664		0.7124
296		0.6664		0.7124
297		0.6664		0.7124
298		0.6664		0.7124
299		0.6664		0.7124
300		0.6664		0.7123
301		0.6664		0.7123
302		0.6664		0.7123
303		0.6664		0.7123
304		0.6664		0.7123
305		0.6664		0.7123
306		0.6664		0.7123
307		0.6664		0.7123
308		0.6664		0.7123
309		0.6664		0.7123
310		0.6664		0.7123
311		0.6664		0.7123
312		0.6664		0.7123
313		0.6664		0.7123
314		0.6664		0.7123
315		0.6664		0.7123
316		0.6664		0.7123
317		0.6664		0.7123
318		0.6664		0.7123
319		0.6664		0.7123
320		0.6663		0.7123
321		0.6663		0.7123
322		0.6663		0.7123
323		0.6663		0.7123
324		0.6663		0.7123
325		0.6663		0.7123
326		0.6663		0.7122
327		0.6663		0.7122
328		0.6663		0.7122
329		0.6663		0.7122
330		0.6663		0.7122
331		0.6663		0.7122
332		0.6663		0.7122
333		0.6663		0.7122
334		0.6663		0.7122
335		0.6663		0.7122
336		0.6663		0.7122
337		0.6663		0.7122
338		0.6663		0.7122
339		0.6663		0.7122
340		0.6663		0.7122
341		0.6663		0.7122
342		0.6663		0.7122
343		0.6663		0.7122
344		0.6663		0.7122
345		0.6663		0.7122
346		0.6663		0.7122
347		0.6663		0.7122
348		0.6663		0.7122
349		0.6663		0.7122
350		0.6663		0.7122
351		0.6663		0.7122
352		0.6663		0.7121
353		0.6663		0.7121
354		0.6662		0.7121
355		0.6662		0.7121
356		0.6662		0.7121
357		0.6662		0.7121
358		0.6662		0.7121
359		0.6662		0.7121
360		0.6662		0.7121
361		0.6662		0.7121
362		0.6662		0.7121
363		0.6662		0.7121
364		0.6662		0.7121
365		0.6662		0.7121
366		0.6662		0.7121
367		0.6662		0.7121
368		0.6662		0.7121
369		0.6662		0.7121
370		0.6662		0.7121
371		0.6662		0.7121
372		0.6662		0.7121
373		0.6662		0.7121
374		0.6662		0.7121
375		0.6662		0.7121
376		0.6662		0.7121
377		0.6662		0.7121
378		0.6662		0.7120
379		0.6662		0.7120
380		0.6662		0.7120
381		0.6662		0.7120
382		0.6662		0.7120
383		0.6662		0.7120
384		0.6662		0.7120
385		0.6662		0.7120
386		0.6662		0.7120
387		0.6662		0.7120
388		0.6661		0.7120
389		0.6661		0.7120
390		0.6661		0.7120
391		0.6661		0.7120
392		0.6661		0.7120
393		0.6661		0.7120
394		0.6661		0.7120
395		0.6661		0.7120
396		0.6661		0.7120
397		0.6661		0.7120
398		0.6661		0.7120
399		0.6661		0.7120
400		0.6661		0.7120
401		0.6661		0.7120
402		0.6661		0.7120
403		0.6661		0.7120
404		0.6661		0.7119
405		0.6661		0.7119
406		0.6661		0.7119
407		0.6661		0.7119
408		0.6661		0.7119
409		0.6661		0.7119
410		0.6661		0.7119
411		0.6661		0.7119
412		0.6661		0.7119
413		0.6661		0.7119
414		0.6661		0.7119
415		0.6661		0.7119
416		0.6661		0.7119
417		0.6661		0.7119
418		0.6661		0.7119
419		0.6661		0.7119
420		0.6661		0.7119
421		0.6661		0.7119
422		0.6660		0.7119
423		0.6660		0.7119
424		0.6660		0.7119
425		0.6660		0.7119
426		0.6660		0.7119
427		0.6660		0.7119
428		0.6660		0.7119
429		0.6660		0.7119
430		0.6660		0.7118
431		0.6660		0.7118
432		0.6660		0.7118
433		0.6660		0.7118
434		0.6660		0.7118
435		0.6660		0.7118
436		0.6660		0.7118
437		0.6660		0.7118
438		0.6660		0.7118
439		0.6660		0.7118
440		0.6660		0.7118
441		0.6660		0.7118
442		0.6660		0.7118
443		0.6660		0.7118
444		0.6660		0.7118
445		0.6660		0.7118
446		0.6660		0.7118
447		0.6660		0.7118
448		0.6660		0.7118
449		0.6660		0.7118
450		0.6660		0.7118
451		0.6660		0.7118
452		0.6660		0.7118
453		0.6660		0.7118
454		0.6660		0.7118
455		0.6659		0.7118
456		0.6659		0.7117
457		0.6659		0.7117
458		0.6659		0.7117
459		0.6659		0.7117
460		0.6659		0.7117
461		0.6659		0.7117
462		0.6659		0.7117
463		0.6659		0.7117
464		0.6659		0.7117
465		0.6659		0.7117
466		0.6659		0.7117
467		0.6659		0.7117
468		0.6659		0.7117
469		0.6659		0.7117
470		0.6659		0.7117
471		0.6659		0.7117
472		0.6659		0.7117
473		0.6659		0.7117
474		0.6659		0.7117
475		0.6659		0.7117
476		0.6659		0.7117
477		0.6659		0.7117
478		0.6659		0.7117
479		0.6659		0.7117
480		0.6659		0.7117
481		0.6659		0.7117
482		0.6659		0.7116
483		0.6659		0.7116
484		0.6659		0.7116
485		0.6659		0.7116
486		0.6659		0.7116
487		0.6659		0.7116
488		0.6659		0.7116
489		0.6658		0.7116
490		0.6658		0.7116
491		0.6658		0.7116
492		0.6658		0.7116
493		0.6658		0.7116
494		0.6658		0.7116
495		0.6658		0.7116
496		0.6658		0.7116
497		0.6658		0.7116
498		0.6658		0.7116
499		0.6658		0.7116
500		0.6658		0.7116
