Epoch	Training Loss	Validation Loss
1		10.4422		2.5076
2		10.3035		10.3616
3		10.4751		10.3616
4		10.4456		10.3616
5		10.4150		10.3616
6		10.3938		10.3616
7		10.3850		10.3616
8		10.3772		10.3616
9		10.3753		10.3616
10		10.3781		10.3616
11		10.3830		10.3616
12		10.3882		10.3616
13		10.3907		10.3616
14		10.3732		10.3616
15		10.3379		10.3616
16		10.3730		10.3616
17		10.3535		10.3616
18		10.3718		10.3616
19		10.3660		10.3616
20		10.3463		10.3616
21		10.3796		10.3616
22		10.3865		10.3616
23		10.3296		10.3616
24		9.4140		10.3616
25		10.3921		10.3616
26		10.3734		10.3616
27		10.3439		10.3616
28		10.3146		10.3616
29		9.9423		10.3616
30		10.5971		10.3616
31		10.7475		10.3616
32		10.7387		10.3616
33		10.7291		10.3616
34		10.7026		10.3616
35		10.6738		10.3616
36		10.6434		10.3616
37		10.6131		10.3616
38		10.5798		10.3616
39		10.5426		10.3616
40		10.5062		10.3616
41		10.4714		10.3616
42		10.4311		10.3616
43		10.3958		10.3616
44		10.3712		10.3616
45		10.3581		10.3616
46		10.3529		10.3616
47		10.3437		10.3616
48		10.3133		10.3616
49		10.2978		10.3616
50		9.3309		10.3616
51		10.6120		10.3616
52		10.5755		10.3616
53		10.5392		10.3616
54		10.5033		10.3616
55		10.4683		10.3616
56		10.4351		10.3616
57		10.3956		10.3616
58		10.3635		10.3616
59		10.3423		10.3616
60		10.3324		10.3616
61		10.3306		10.3616
62		10.3312		10.3616
63		10.3209		10.3616
64		10.2890		10.3616
65		10.3313		10.3616
66		10.3457		10.3616
67		10.3803		10.3616
68		8.6894		10.3616
69		9.9580		10.3616
70		10.5827		10.3616
71		10.5465		10.3616
72		10.5104		10.3616
73		10.4747		10.3616
74		10.4398		10.3616
75		10.4067		10.3616
76		10.3688		10.3616
77		10.3363		10.3616
78		10.3144		10.3616
79		10.3040		10.3616
80		10.3025		10.3616
81		10.3054		10.3616
82		10.3073		10.3616
83		10.2928		10.3616
84		10.2619		10.3616
85		9.3091		10.2211
86		10.3553		10.3616
87		10.4824		10.3616
88		10.4533		10.3616
89		10.4235		10.3616
90		10.3941		10.3616
91		10.3666		10.3616
92		10.3371		10.3616
93		10.3034		10.3616
94		10.2797		10.3616
95		10.2671		10.3616
96		10.2641		10.3616
97		10.2671		10.3616
98		10.2733		10.3616
99		10.2803		10.3616
100		10.2852		10.3616
101		10.2769		10.3616
102		10.2523		10.3616
103		10.2938		10.3616
104		10.2666		10.3616
105		10.2654		10.3616
106		10.2498		10.3616
107		10.1478		10.3616
108		10.2644		10.3616
109		10.2731		10.3616
110		10.2688		10.3616
111		10.2483		10.3616
112		10.2785		10.3616
113		10.2337		10.3616
114		10.2752		10.3616
115		10.2735		10.3616
116		10.2706		10.3616
117		10.2734		10.3616
118		10.2699		10.3616
119		10.2660		10.3616
120		10.2724		10.3616
121		10.2634		10.3616
122		10.2621		10.3616
123		10.2682		10.3616
124		10.2520		10.3616
125		10.2668		10.3616
126		10.2607		10.3616
127		10.2574		10.3616
128		10.2631		10.3616
129		10.2490		10.3616
130		10.2600		10.3616
131		10.2415		10.3616
132		10.2491		10.3616
133		10.2245		10.3616
134		9.3272		10.3616
135		10.4092		10.3616
136		10.3737		10.3616
137		10.3392		10.3616
138		10.3068		10.3616
139		10.2722		10.3616
140		10.2423		10.3616
141		10.2240		10.3616
142		10.2173		10.3616
143		10.2189		10.3616
144		10.2247		10.3616
145		10.2311		10.3616
146		10.2329		10.3616
147		10.2205		10.3616
148		10.2249		10.3616
149		10.3151		10.3616
150		9.5792		6.6642
151		9.2330		10.3616
152		10.5911		10.3616
153		10.5701		10.3616
154		10.5432		10.3616
155		10.5165		10.3616
156		10.4899		10.3616
157		10.4633		10.3616
158		10.4259		10.3616
159		10.3864		10.3616
160		10.3480		10.3616
161		10.3118		10.3616
162		10.2764		10.3616
163		10.2429		10.3616
164		10.2228		10.3616
165		10.2151		10.3616
166		10.2073		10.3616
167		10.1991		10.3616
168		9.0238		10.3616
169		10.2927		10.3616
170		10.2656		10.3616
171		10.2386		10.3616
172		10.2144		10.3616
173		10.1903		10.3616
174		10.1735		10.3616
175		10.1588		10.3616
176		10.1541		10.3616
177		10.1562		10.3616
178		10.1623		10.3616
179		10.1703		10.3616
180		10.1791		10.3616
181		10.1874		10.3616
182		10.1932		10.3616
183		10.1875		10.3616
184		10.1844		10.3616
185		10.2663		10.3616
186		10.1581		10.3616
187		10.1606		10.3616
188		10.1672		10.3616
189		10.1752		10.3616
190		10.1820		10.3616
191		10.1824		10.3616
192		10.1772		10.3616
193		9.3974		10.3616
194		10.2176		10.3616
195		10.1875		10.3616
196		10.1599		10.3616
197		10.1443		10.3616
198		10.1398		10.3616
199		10.1427		10.3616
200		10.1496		10.3616
201		10.1579		10.3616
202		10.1657		10.3616
203		10.1711		10.3616
204		10.1665		10.3616
205		10.1676		10.3616
206		9.3112		7.5476
207		9.1543		5.8141
208		8.2581		10.3616
209		10.5379		10.3616
210		10.5337		10.3616
211		10.5076		10.3616
212		10.4740		10.3616
213		10.4381		10.3616
214		10.4020		10.3616
215		10.3658		10.3616
216		10.3298		10.3616
217		10.2939		10.3616
218		10.2586		10.3616
219		10.2245		10.3616
220		10.1930		10.3616
221		10.1648		10.3616
222		10.1398		10.3616
223		10.1278		10.3616
224		10.1266		10.3616
225		10.1316		10.3616
226		10.1384		10.3616
227		10.1440		10.3616
228		10.1444		10.3616
229		10.1391		10.3616
230		9.6444		10.3616
231		10.0831		10.3616
232		10.1004		10.3616
233		10.1119		10.3616
234		10.1216		10.3616
235		10.1297		10.3616
236		10.1353		10.3616
237		10.1367		10.3616
238		10.1284		10.3616
239		9.3459		6.4937
240		9.1944		10.3616
241		10.5184		10.3616
242		10.4917		10.3616
243		10.4650		10.3616
244		10.4384		10.3616
245		10.4119		10.3616
246		10.3782		10.3616
247		10.3409		10.3616
248		10.3016		10.3616
249		10.2629		10.3616
250		10.2252		10.3616
251		10.1901		10.3616
252		10.1604		10.3616
253		10.1333		10.3616
254		10.1193		10.3616
255		10.1172		10.3616
256		10.1148		10.3616
257		10.1053		10.3616
258		9.4766		6.5007
259		9.1815		10.3616
260		10.5038		10.3616
261		10.4771		10.3616
262		10.4505		10.3616
263		10.4239		10.3616
264		10.3974		10.3616
265		10.3626		10.3616
266		10.3256		10.3616
267		10.2863		10.3616
268		10.2476		10.3616
269		10.2096		10.3616
270		10.1737		10.3616
271		10.1425		10.3616
272		10.1169		10.3616
273		10.1002		10.3616
274		10.0965		10.3616
275		10.0936		10.3616
276		10.0821		10.3616
277		8.9688		10.3616
278		9.5774		10.3616
279		10.4384		10.3616
280		10.4112		10.3616
281		10.3843		10.3616
282		10.3575		10.3616
283		10.3220		10.3616
284		10.2862		10.3616
285		10.2468		10.3616
286		10.2068		10.3616
287		10.1683		10.3616
288		10.1335		10.3616
289		10.1070		10.3616
290		10.0852		10.3616
291		10.0792		10.3616
292		10.0745		10.3616
293		10.0599		10.3422
294		8.8766		9.5601
295		9.3297		7.9926
296		10.2640		10.3616
297		9.4600		4.6326
298		8.4210		10.3616
299		8.3275		7.6576
300		10.1784		10.3616
301		9.6874		10.3616
302		9.8940		10.3616
303		9.9772		10.3616
304		9.9885		10.3616
305		9.9995		10.3616
306		10.0100		10.3616
307		10.0105		10.3616
308		10.0143		10.3616
309		10.0202		10.3616
310		10.0272		10.3616
311		10.0347		10.3616
312		10.0422		10.3616
313		10.0486		10.3616
314		10.0525		10.3616
315		10.0506		10.3616
316		10.0631		10.3281
317		10.3014		10.3616
318		10.1244		10.3616
319		10.0923		10.3616
320		10.0658		10.3616
321		10.0492		10.3616
322		10.0429		10.3616
323		10.0422		10.3616
324		10.0434		10.3616
325		10.0372		10.3616
326		10.0514		10.2915
327		9.3027		10.3616
328		10.0147		10.3616
329		10.0212		10.3616
330		10.0279		10.3616
331		10.0331		10.3616
332		10.0356		10.3616
333		10.0278		10.3616
334		10.0442		10.2685
335		9.4522		5.1968
336		8.3866		10.3616
337		10.2819		10.3616
338		9.3413		4.9226
339		9.1011		10.3616
340		9.4331		10.3616
341		10.4567		10.3616
342		10.4749		10.3616
343		10.4831		10.3616
344		10.4750		10.3616
345		10.4664		10.3616
346		10.4526		10.3616
347		10.4263		10.3616
348		10.3970		10.3616
349		10.3603		10.3616
350		10.3229		10.3616
351		10.2856		10.3616
352		10.2482		10.3616
353		10.2109		10.3616
354		10.1735		10.3616
355		10.1364		10.3616
356		10.0999		10.3616
357		10.0654		10.3616
358		10.0362		10.3616
359		10.0175		10.3616
360		10.0122		10.3616
361		10.0041		10.3616
362		10.0082		10.3364
363		9.9862		10.2810
364		9.2769		4.8347
365		8.2322		7.3512
366		10.2382		10.3616
367		10.4340		10.3616
368		10.4267		10.3616
369		10.4154		10.3616
370		10.3890		10.3616
371		10.3625		10.3616
372		10.3339		10.3616
373		10.2994		10.3616
374		10.2649		10.3616
375		10.2264		10.3616
376		10.1875		10.3616
377		10.1485		10.3616
378		10.1095		10.3616
379		10.0710		10.3616
380		10.0349		10.3616
381		10.0061		10.3616
382		9.9918		10.3616
383		9.9835		10.3616
384		9.9832		10.3312
385		10.0067		10.1560
386		9.5524		7.1393
387		9.2606		10.3616
388		9.8517		10.3616
389		9.9097		10.3616
390		9.9166		10.3616
391		9.9236		10.3616
392		9.9257		10.3616
393		9.9268		10.3616
394		9.9314		10.3616
395		9.9376		10.3616
396		9.9443		10.3616
397		9.9512		10.3616
398		9.9580		10.3616
399		9.9645		10.3616
400		9.9715		10.3616
401		9.9529		10.3499
402		10.0084		10.2070
403		10.3202		10.3616
404		10.2116		10.3616
405		10.1751		10.3616
406		10.1386		10.3616
407		10.1022		10.3616
408		10.0661		10.3616
409		10.0308		10.3616
410		9.9981		10.3616
411		9.9713		10.3616
412		9.9557		10.3616
413		9.9528		10.3616
414		9.9585		10.3589
415		9.9373		10.3382
416		10.0047		10.1585
417		10.2046		10.3616
418		9.8904		10.3616
419		9.8989		10.3616
420		9.8985		10.3616
421		9.8999		10.3616
422		9.9047		10.3616
423		9.9110		10.3616
424		9.9177		10.3616
425		9.9244		10.3616
426		9.9310		10.3616
427		9.9372		10.3616
428		9.9448		10.3459
429		9.9234		10.3271
430		10.0006		10.1314
431		10.3166		10.3616
432		9.9730		10.3616
433		9.9471		10.3616
434		9.9338		10.3616
435		9.9342		10.3525
436		9.9258		10.3146
437		10.0060		10.1548
438		10.5894		10.3616
439		10.2125		10.3616
440		10.1756		10.3616
441		10.1387		10.3616
442		10.1017		10.3616
443		10.0646		10.3616
444		10.0276		10.3616
445		9.9914		10.3616
446		9.9580		10.3616
447		9.9321		10.3616
448		9.9203		10.3613
449		9.9244		10.3243
450		9.9047		10.3142
451		9.9834		10.1314
452		10.3524		10.3616
453		9.8682		10.3616
454		9.8705		10.3616
455		9.8671		10.3616
456		9.8656		10.3616
457		9.8689		10.3616
458		9.8748		10.3616
459		9.8813		10.3616
460		9.8880		10.3616
461		9.8946		10.3616
462		9.9007		10.3607
463		9.9074		10.3264
464		9.8986		10.2753
465		10.0087		9.8313
466		10.0331		10.3616
467		9.9574		10.3616
468		9.9263		10.3616
469		9.9032		10.3616
470		9.8931		10.3616
471		9.8949		10.3406
472		9.9000		10.2970
473		9.9051		10.2895
474		9.9959		10.0589
475		9.9710		10.3616
476		9.8783		10.3616
477		9.8808		10.3616
478		9.8865		10.3418
479		9.8946		10.3022
480		9.8765		10.2775
481		10.0095		9.8387
482		9.2555		5.5305
483		7.8054		2.9936
484		8.5697		1.4213
485		9.0315		3.7903
486		8.5645		4.9733
487		8.7919		10.3616
488		10.1602		10.3616
489		10.1247		10.3616
490		10.0887		10.3616
491		10.0526		10.3616
492		10.0166		10.3616
493		9.9808		10.3616
494		9.9456		10.3616
495		9.9118		10.3616
496		9.8817		10.3616
497		9.8592		10.3616
498		9.8491		10.3616
499		9.8507		10.3616
500		9.8567		10.3616
