Epoch	Training Loss	Validation Loss
1	0.9422	0.8183
2	0.9448	0.8349
3	0.9429	0.8405
4	0.9424	0.8422
5	0.9422	0.8427
6	0.9420	0.8427
7	0.9419	0.8426
8	0.9418	0.8425
9	0.9416	0.8424
10	0.9415	0.8422
11	0.9414	0.8420
12	0.9413	0.8419
13	0.9411	0.8417
14	0.9410	0.8416
15	0.9409	0.8414
16	0.9407	0.8413
17	0.9406	0.8411
18	0.9405	0.8409
19	0.9403	0.8408
20	0.9402	0.8406
21	0.9401	0.8405
22	0.9400	0.8403
23	0.9398	0.8402
24	0.9397	0.8400
25	0.9396	0.8398
26	0.9394	0.8397
27	0.9393	0.8395
28	0.9392	0.8394
29	0.9391	0.8392
30	0.9389	0.8391
31	0.9388	0.8389
32	0.9387	0.8387
33	0.9385	0.8386
34	0.9384	0.8384
35	0.9383	0.8383
36	0.9382	0.8381
37	0.9380	0.8380
38	0.9379	0.8378
39	0.9378	0.8377
40	0.9376	0.8375
41	0.9375	0.8373
42	0.9374	0.8372
43	0.9373	0.8370
44	0.9371	0.8369
45	0.9370	0.8367
46	0.9369	0.8366
47	0.9367	0.8364
48	0.9366	0.8362
49	0.9365	0.8361
50	0.9364	0.8359
51	0.9362	0.8358
52	0.9361	0.8356
53	0.9360	0.8355
54	0.9358	0.8353
55	0.9357	0.8352
56	0.9356	0.8350
57	0.9355	0.8348
58	0.9353	0.8347
59	0.9352	0.8345
60	0.9351	0.8344
61	0.9349	0.8342
62	0.9348	0.8341
63	0.9347	0.8339
64	0.9346	0.8337
65	0.9344	0.8336
66	0.9343	0.8334
67	0.9342	0.8333
68	0.9340	0.8331
69	0.9339	0.8330
70	0.9338	0.8328
71	0.9337	0.8327
72	0.9335	0.8325
73	0.9334	0.8323
74	0.9333	0.8322
75	0.9332	0.8320
76	0.9330	0.8319
77	0.9329	0.8317
78	0.9328	0.8316
79	0.9326	0.8314
80	0.9325	0.8313
81	0.9324	0.8311
82	0.9323	0.8310
83	0.9321	0.8308
84	0.9320	0.8306
85	0.9319	0.8305
86	0.9317	0.8303
87	0.9316	0.8302
88	0.9315	0.8300
89	0.9314	0.8299
90	0.9312	0.8297
91	0.9311	0.8296
92	0.9310	0.8294
93	0.9309	0.8293
94	0.9307	0.8291
95	0.9306	0.8289
96	0.9305	0.8288
97	0.9303	0.8286
98	0.9302	0.8285
99	0.9301	0.8283
100	0.9300	0.8282
101	0.9298	0.8280
102	0.9297	0.8279
103	0.9296	0.8277
104	0.9295	0.8276
105	0.9293	0.8274
106	0.9292	0.8272
107	0.9291	0.8271
108	0.9290	0.8269
109	0.9288	0.8268
110	0.9287	0.8266
111	0.9286	0.8265
112	0.9284	0.8263
113	0.9283	0.8262
114	0.9282	0.8260
115	0.9281	0.8259
116	0.9279	0.8257
117	0.9278	0.8256
118	0.9277	0.8254
119	0.9276	0.8252
120	0.9274	0.8251
121	0.9273	0.8249
122	0.9272	0.8248
123	0.9271	0.8246
124	0.9269	0.8245
125	0.9268	0.8243
126	0.9267	0.8242
127	0.9266	0.8240
128	0.9264	0.8239
129	0.9263	0.8237
130	0.9262	0.8236
131	0.9260	0.8234
132	0.9259	0.8232
133	0.9258	0.8231
134	0.9257	0.8229
135	0.9255	0.8228
136	0.9254	0.8226
137	0.9253	0.8225
138	0.9252	0.8223
139	0.9250	0.8222
140	0.9249	0.8220
141	0.9248	0.8219
142	0.9247	0.8217
143	0.9245	0.8216
144	0.9244	0.8214
145	0.9243	0.8213
146	0.9242	0.8211
147	0.9240	0.8210
148	0.9239	0.8208
149	0.9238	0.8206
150	0.9237	0.8205
151	0.9235	0.8203
152	0.9234	0.8202
153	0.9233	0.8200
154	0.9232	0.8199
155	0.9230	0.8197
156	0.9229	0.8196
157	0.9228	0.8194
158	0.9227	0.8193
159	0.9225	0.8191
160	0.9224	0.8190
161	0.9223	0.8188
162	0.9222	0.8187
163	0.9220	0.8185
164	0.9219	0.8184
165	0.9218	0.8182
166	0.9217	0.8181
167	0.9215	0.8179
168	0.9214	0.8178
169	0.9213	0.8176
170	0.9212	0.8175
171	0.9210	0.8173
172	0.9209	0.8171
173	0.9208	0.8170
174	0.9207	0.8168
175	0.9205	0.8167
176	0.9204	0.8165
177	0.9203	0.8164
178	0.9202	0.8162
179	0.9200	0.8161
180	0.9199	0.8159
181	0.9198	0.8158
182	0.9197	0.8156
183	0.9195	0.8155
184	0.9194	0.8153
185	0.9193	0.8152
186	0.9192	0.8150
187	0.9190	0.8149
188	0.9189	0.8147
189	0.9188	0.8146
190	0.9187	0.8144
191	0.9185	0.8143
192	0.9184	0.8141
193	0.9183	0.8140
194	0.9182	0.8138
195	0.9180	0.8137
196	0.9179	0.8135
197	0.9178	0.8134
198	0.9177	0.8132
199	0.9175	0.8131
200	0.9174	0.8129
201	0.9173	0.8128
202	0.9172	0.8126
203	0.9170	0.8125
204	0.9169	0.8123
205	0.9168	0.8122
206	0.9167	0.8120
207	0.9166	0.8119
208	0.9164	0.8117
209	0.9163	0.8116
210	0.9162	0.8114
211	0.9161	0.8113
212	0.9159	0.8111
213	0.9158	0.8110
214	0.9157	0.8108
215	0.9156	0.8107
216	0.9154	0.8105
217	0.9153	0.8104
218	0.9152	0.8102
219	0.9151	0.8101
220	0.9149	0.8099
221	0.9148	0.8098
222	0.9147	0.8096
223	0.9146	0.8095
224	0.9145	0.8093
225	0.9143	0.8092
226	0.9142	0.8090
227	0.9141	0.8089
228	0.9140	0.8087
229	0.9138	0.8086
230	0.9137	0.8084
231	0.9136	0.8083
232	0.9135	0.8081
233	0.9133	0.8080
234	0.9132	0.8078
235	0.9131	0.8077
236	0.9130	0.8075
237	0.9129	0.8074
238	0.9127	0.8072
239	0.9126	0.8071
240	0.9125	0.8069
241	0.9124	0.8068
242	0.9122	0.8066
243	0.9121	0.8065
244	0.9120	0.8063
245	0.9119	0.8062
246	0.9117	0.8060
247	0.9116	0.8059
248	0.9115	0.8057
249	0.9114	0.8056
250	0.9113	0.8054
251	0.9111	0.8053
252	0.9110	0.8051
253	0.9109	0.8050
254	0.9108	0.8048
255	0.9106	0.8047
256	0.9105	0.8045
257	0.9104	0.8044
258	0.9103	0.8042
259	0.9102	0.8041
260	0.9100	0.8039
261	0.9099	0.8038
262	0.9098	0.8036
263	0.9097	0.8035
264	0.9095	0.8033
265	0.9094	0.8032
266	0.9093	0.8030
267	0.9092	0.8029
268	0.9091	0.8027
269	0.9089	0.8026
270	0.9088	0.8024
271	0.9087	0.8023
272	0.9086	0.8022
273	0.9084	0.8020
274	0.9083	0.8019
275	0.9082	0.8017
276	0.9081	0.8016
277	0.9080	0.8014
278	0.9078	0.8013
279	0.9077	0.8011
280	0.9076	0.8010
281	0.9075	0.8008
282	0.9073	0.8007
283	0.9072	0.8005
284	0.9071	0.8004
285	0.9070	0.8002
286	0.9069	0.8001
287	0.9067	0.7999
288	0.9066	0.7998
289	0.9065	0.7996
290	0.9064	0.7995
291	0.9063	0.7993
292	0.9061	0.7992
293	0.9060	0.7990
294	0.9059	0.7989
295	0.9058	0.7988
296	0.9056	0.7986
297	0.9055	0.7985
298	0.9054	0.7983
299	0.9053	0.7982
300	0.9052	0.7980
301	0.9050	0.7979
302	0.9049	0.7977
303	0.9048	0.7976
304	0.9047	0.7974
305	0.9046	0.7973
306	0.9044	0.7971
307	0.9043	0.7970
308	0.9042	0.7968
309	0.9041	0.7967
310	0.9040	0.7965
311	0.9038	0.7964
312	0.9037	0.7963
313	0.9036	0.7961
314	0.9035	0.7960
315	0.9033	0.7958
316	0.9032	0.7957
317	0.9031	0.7955
318	0.9030	0.7954
319	0.9029	0.7952
320	0.9027	0.7951
321	0.9026	0.7949
322	0.9025	0.7948
323	0.9024	0.7946
324	0.9023	0.7945
325	0.9021	0.7943
326	0.9020	0.7942
327	0.9019	0.7941
328	0.9018	0.7939
329	0.9017	0.7938
330	0.9015	0.7936
331	0.9014	0.7935
332	0.9013	0.7933
333	0.9012	0.7932
334	0.9011	0.7930
335	0.9009	0.7929
336	0.9008	0.7927
337	0.9007	0.7926
338	0.9006	0.7924
339	0.9005	0.7923
340	0.9003	0.7922
341	0.9002	0.7920
342	0.9001	0.7919
343	0.9000	0.7917
344	0.8999	0.7916
345	0.8997	0.7914
346	0.8996	0.7913
347	0.8995	0.7911
348	0.8994	0.7910
349	0.8993	0.7908
350	0.8991	0.7907
351	0.8990	0.7906
352	0.8989	0.7904
353	0.8988	0.7903
354	0.8987	0.7901
355	0.8985	0.7900
356	0.8984	0.7898
357	0.8983	0.7897
358	0.8982	0.7895
359	0.8981	0.7894
360	0.8979	0.7892
361	0.8978	0.7891
362	0.8977	0.7890
363	0.8976	0.7888
364	0.8975	0.7887
365	0.8974	0.7885
366	0.8972	0.7884
367	0.8971	0.7882
368	0.8970	0.7881
369	0.8969	0.7879
370	0.8968	0.7878
371	0.8966	0.7877
372	0.8965	0.7875
373	0.8964	0.7874
374	0.8963	0.7872
375	0.8962	0.7871
376	0.8960	0.7869
377	0.8959	0.7868
378	0.8958	0.7866
379	0.8957	0.7865
380	0.8956	0.7863
381	0.8954	0.7862
382	0.8953	0.7861
383	0.8952	0.7859
384	0.8951	0.7858
385	0.8950	0.7856
386	0.8949	0.7855
387	0.8947	0.7853
388	0.8946	0.7852
389	0.8945	0.7851
390	0.8944	0.7849
391	0.8943	0.7848
392	0.8941	0.7846
393	0.8940	0.7845
394	0.8939	0.7843
395	0.8938	0.7842
396	0.8937	0.7840
397	0.8935	0.7839
398	0.8934	0.7838
399	0.8933	0.7836
400	0.8932	0.7835
401	0.8931	0.7833
402	0.8930	0.7832
403	0.8928	0.7830
404	0.8927	0.7829
405	0.8926	0.7827
406	0.8925	0.7826
407	0.8924	0.7825
408	0.8922	0.7823
409	0.8921	0.7822
410	0.8920	0.7820
411	0.8919	0.7819
412	0.8918	0.7817
413	0.8917	0.7816
414	0.8915	0.7815
415	0.8914	0.7813
416	0.8913	0.7812
417	0.8912	0.7810
418	0.8911	0.7809
419	0.8910	0.7807
420	0.8908	0.7806
421	0.8907	0.7805
422	0.8906	0.7803
423	0.8905	0.7802
424	0.8904	0.7800
425	0.8902	0.7799
426	0.8901	0.7797
427	0.8900	0.7796
428	0.8899	0.7795
429	0.8898	0.7793
430	0.8897	0.7792
431	0.8895	0.7790
432	0.8894	0.7789
433	0.8893	0.7787
434	0.8892	0.7786
435	0.8891	0.7785
436	0.8890	0.7783
437	0.8888	0.7782
438	0.8887	0.7780
439	0.8886	0.7779
440	0.8885	0.7777
441	0.8884	0.7776
442	0.8883	0.7775
443	0.8881	0.7773
444	0.8880	0.7772
445	0.8879	0.7770
446	0.8878	0.7769
447	0.8877	0.7767
448	0.8876	0.7766
449	0.8874	0.7765
450	0.8873	0.7763
451	0.8872	0.7762
452	0.8871	0.7760
453	0.8870	0.7759
454	0.8868	0.7758
455	0.8867	0.7756
456	0.8866	0.7755
457	0.8865	0.7753
458	0.8864	0.7752
459	0.8863	0.7750
460	0.8861	0.7749
461	0.8860	0.7748
462	0.8859	0.7746
463	0.8858	0.7745
464	0.8857	0.7743
465	0.8856	0.7742
466	0.8855	0.7741
467	0.8853	0.7739
468	0.8852	0.7738
469	0.8851	0.7736
470	0.8850	0.7735
471	0.8849	0.7733
472	0.8848	0.7732
473	0.8846	0.7731
474	0.8845	0.7729
475	0.8844	0.7728
476	0.8843	0.7726
477	0.8842	0.7725
478	0.8841	0.7724
479	0.8839	0.7722
480	0.8838	0.7721
481	0.8837	0.7719
482	0.8836	0.7718
483	0.8835	0.7717
484	0.8834	0.7715
485	0.8832	0.7714
486	0.8831	0.7712
487	0.8830	0.7711
488	0.8829	0.7709
489	0.8828	0.7708
490	0.8827	0.7707
491	0.8825	0.7705
492	0.8824	0.7704
493	0.8823	0.7702
494	0.8822	0.7701
495	0.8821	0.7700
496	0.8820	0.7698
497	0.8819	0.7697
498	0.8817	0.7695
499	0.8816	0.7694
500	0.8815	0.7693
501	0.8814	0.7691
502	0.8813	0.7690
503	0.8812	0.7688
504	0.8810	0.7687
505	0.8809	0.7686
506	0.8808	0.7684
507	0.8807	0.7683
508	0.8806	0.7681
509	0.8805	0.7680
510	0.8804	0.7679
511	0.8802	0.7677
512	0.8801	0.7676
513	0.8800	0.7674
514	0.8799	0.7673
515	0.8798	0.7672
516	0.8797	0.7670
517	0.8796	0.7669
518	0.8794	0.7667
519	0.8793	0.7666
520	0.8792	0.7665
521	0.8791	0.7663
522	0.8790	0.7662
523	0.8789	0.7660
524	0.8787	0.7659
525	0.8786	0.7658
526	0.8785	0.7656
527	0.8784	0.7655
528	0.8783	0.7653
529	0.8782	0.7652
530	0.8781	0.7651
531	0.8779	0.7649
532	0.8778	0.7648
533	0.8777	0.7647
534	0.8776	0.7645
535	0.8775	0.7644
536	0.8774	0.7642
537	0.8773	0.7641
538	0.8771	0.7640
539	0.8770	0.7638
540	0.8769	0.7637
541	0.8768	0.7635
542	0.8767	0.7634
543	0.8766	0.7633
544	0.8765	0.7631
545	0.8763	0.7630
546	0.8762	0.7628
547	0.8761	0.7627
548	0.8760	0.7626
549	0.8759	0.7624
550	0.8758	0.7623
551	0.8757	0.7622
552	0.8755	0.7620
553	0.8754	0.7619
554	0.8753	0.7617
555	0.8752	0.7616
556	0.8751	0.7615
557	0.8750	0.7613
558	0.8749	0.7612
559	0.8747	0.7610
560	0.8746	0.7609
561	0.8745	0.7608
562	0.8744	0.7606
563	0.8743	0.7605
564	0.8742	0.7604
565	0.8741	0.7602
566	0.8740	0.7601
567	0.8738	0.7599
568	0.8737	0.7598
569	0.8736	0.7597
570	0.8735	0.7595
571	0.8734	0.7594
572	0.8733	0.7592
573	0.8732	0.7591
574	0.8730	0.7590
575	0.8729	0.7588
576	0.8728	0.7587
577	0.8727	0.7586
578	0.8726	0.7584
579	0.8725	0.7583
580	0.8724	0.7581
581	0.8723	0.7580
582	0.8721	0.7579
583	0.8720	0.7577
584	0.8719	0.7576
585	0.8718	0.7575
586	0.8717	0.7573
587	0.8716	0.7572
588	0.8715	0.7570
589	0.8713	0.7569
590	0.8712	0.7568
591	0.8711	0.7566
592	0.8710	0.7565
593	0.8709	0.7564
594	0.8708	0.7562
595	0.8707	0.7561
596	0.8706	0.7559
597	0.8704	0.7558
598	0.8703	0.7557
599	0.8702	0.7555
600	0.8701	0.7554
601	0.8700	0.7553
602	0.8699	0.7551
603	0.8698	0.7550
604	0.8697	0.7549
605	0.8695	0.7547
606	0.8694	0.7546
607	0.8693	0.7544
608	0.8692	0.7543
609	0.8691	0.7542
610	0.8690	0.7540
611	0.8689	0.7539
612	0.8688	0.7538
613	0.8686	0.7536
614	0.8685	0.7535
615	0.8684	0.7533
616	0.8683	0.7532
617	0.8682	0.7531
618	0.8681	0.7529
619	0.8680	0.7528
620	0.8679	0.7527
621	0.8677	0.7525
622	0.8676	0.7524
623	0.8675	0.7523
624	0.8674	0.7521
625	0.8673	0.7520
626	0.8672	0.7519
627	0.8671	0.7517
628	0.8670	0.7516
629	0.8668	0.7514
630	0.8667	0.7513
631	0.8666	0.7512
632	0.8665	0.7510
633	0.8664	0.7509
634	0.8663	0.7508
635	0.8662	0.7506
636	0.8661	0.7505
637	0.8660	0.7504
638	0.8658	0.7502
639	0.8657	0.7501
640	0.8656	0.7499
641	0.8655	0.7498
642	0.8654	0.7497
643	0.8653	0.7495
644	0.8652	0.7494
645	0.8651	0.7493
646	0.8650	0.7491
647	0.8648	0.7490
648	0.8647	0.7489
649	0.8646	0.7487
650	0.8645	0.7486
651	0.8644	0.7485
652	0.8643	0.7483
653	0.8642	0.7482
654	0.8641	0.7481
655	0.8639	0.7479
656	0.8638	0.7478
657	0.8637	0.7476
658	0.8636	0.7475
659	0.8635	0.7474
660	0.8634	0.7472
661	0.8633	0.7471
662	0.8632	0.7470
663	0.8631	0.7468
664	0.8630	0.7467
665	0.8628	0.7466
666	0.8627	0.7464
667	0.8626	0.7463
668	0.8625	0.7462
669	0.8624	0.7460
670	0.8623	0.7459
671	0.8622	0.7458
672	0.8621	0.7456
673	0.8620	0.7455
674	0.8618	0.7454
675	0.8617	0.7452
676	0.8616	0.7451
677	0.8615	0.7450
678	0.8614	0.7448
679	0.8613	0.7447
680	0.8612	0.7446
681	0.8611	0.7444
682	0.8610	0.7443
683	0.8608	0.7441
684	0.8607	0.7440
685	0.8606	0.7439
686	0.8605	0.7437
687	0.8604	0.7436
688	0.8603	0.7435
689	0.8602	0.7433
690	0.8601	0.7432
691	0.8600	0.7431
692	0.8599	0.7429
693	0.8597	0.7428
694	0.8596	0.7427
695	0.8595	0.7425
696	0.8594	0.7424
697	0.8593	0.7423
698	0.8592	0.7421
699	0.8591	0.7420
700	0.8590	0.7419
701	0.8589	0.7417
702	0.8588	0.7416
703	0.8586	0.7415
704	0.8585	0.7413
705	0.8584	0.7412
706	0.8583	0.7411
707	0.8582	0.7409
708	0.8581	0.7408
709	0.8580	0.7407
710	0.8579	0.7405
711	0.8578	0.7404
712	0.8577	0.7403
713	0.8575	0.7401
714	0.8574	0.7400
715	0.8573	0.7399
716	0.8572	0.7397
717	0.8571	0.7396
718	0.8570	0.7395
719	0.8569	0.7393
720	0.8568	0.7392
721	0.8567	0.7391
722	0.8566	0.7389
723	0.8565	0.7388
724	0.8563	0.7387
725	0.8562	0.7385
726	0.8561	0.7384
727	0.8560	0.7383
728	0.8559	0.7381
729	0.8558	0.7380
730	0.8557	0.7379
731	0.8556	0.7377
732	0.8555	0.7376
733	0.8554	0.7375
734	0.8553	0.7373
735	0.8551	0.7372
736	0.8550	0.7371
737	0.8549	0.7369
738	0.8548	0.7368
739	0.8547	0.7367
740	0.8546	0.7366
741	0.8545	0.7364
742	0.8544	0.7363
743	0.8543	0.7362
744	0.8542	0.7360
745	0.8541	0.7359
746	0.8539	0.7358
747	0.8538	0.7356
748	0.8537	0.7355
749	0.8536	0.7354
750	0.8535	0.7352
751	0.8534	0.7351
752	0.8533	0.7350
753	0.8532	0.7348
754	0.8531	0.7347
755	0.8530	0.7346
756	0.8529	0.7344
757	0.8528	0.7343
758	0.8526	0.7342
759	0.8525	0.7340
760	0.8524	0.7339
761	0.8523	0.7338
762	0.8522	0.7336
763	0.8521	0.7335
764	0.8520	0.7334
765	0.8519	0.7333
766	0.8518	0.7331
767	0.8517	0.7330
768	0.8516	0.7329
769	0.8515	0.7327
770	0.8513	0.7326
771	0.8512	0.7325
772	0.8511	0.7323
773	0.8510	0.7322
774	0.8509	0.7321
775	0.8508	0.7319
776	0.8507	0.7318
777	0.8506	0.7317
778	0.8505	0.7315
779	0.8504	0.7314
780	0.8503	0.7313
781	0.8502	0.7312
782	0.8501	0.7310
783	0.8499	0.7309
784	0.8498	0.7308
785	0.8497	0.7306
786	0.8496	0.7305
787	0.8495	0.7304
788	0.8494	0.7302
789	0.8493	0.7301
790	0.8492	0.7300
791	0.8491	0.7298
792	0.8490	0.7297
793	0.8489	0.7296
794	0.8488	0.7295
795	0.8487	0.7293
796	0.8485	0.7292
797	0.8484	0.7291
798	0.8483	0.7289
799	0.8482	0.7288
800	0.8481	0.7287
801	0.8480	0.7285
802	0.8479	0.7284
803	0.8478	0.7283
804	0.8477	0.7281
805	0.8476	0.7280
806	0.8475	0.7279
807	0.8474	0.7278
808	0.8473	0.7276
809	0.8472	0.7275
810	0.8470	0.7274
811	0.8469	0.7272
812	0.8468	0.7271
813	0.8467	0.7270
814	0.8466	0.7268
815	0.8465	0.7267
816	0.8464	0.7266
817	0.8463	0.7265
818	0.8462	0.7263
819	0.8461	0.7262
820	0.8460	0.7261
821	0.8459	0.7259
822	0.8458	0.7258
823	0.8457	0.7257
824	0.8456	0.7255
825	0.8454	0.7254
826	0.8453	0.7253
827	0.8452	0.7252
828	0.8451	0.7250
829	0.8450	0.7249
830	0.8449	0.7248
831	0.8448	0.7246
832	0.8447	0.7245
833	0.8446	0.7244
834	0.8445	0.7243
835	0.8444	0.7241
836	0.8443	0.7240
837	0.8442	0.7239
838	0.8441	0.7237
839	0.8440	0.7236
840	0.8438	0.7235
841	0.8437	0.7234
842	0.8436	0.7232
843	0.8435	0.7231
844	0.8434	0.7230
845	0.8433	0.7228
846	0.8432	0.7227
847	0.8431	0.7226
848	0.8430	0.7224
849	0.8429	0.7223
850	0.8428	0.7222
851	0.8427	0.7221
852	0.8426	0.7219
853	0.8425	0.7218
854	0.8424	0.7217
855	0.8423	0.7215
856	0.8422	0.7214
857	0.8420	0.7213
858	0.8419	0.7212
859	0.8418	0.7210
860	0.8417	0.7209
861	0.8416	0.7208
862	0.8415	0.7206
863	0.8414	0.7205
864	0.8413	0.7204
865	0.8412	0.7203
866	0.8411	0.7201
867	0.8410	0.7200
868	0.8409	0.7199
869	0.8408	0.7197
870	0.8407	0.7196
871	0.8406	0.7195
872	0.8405	0.7194
873	0.8404	0.7192
874	0.8403	0.7191
875	0.8401	0.7190
876	0.8400	0.7189
877	0.8399	0.7187
878	0.8398	0.7186
879	0.8397	0.7185
880	0.8396	0.7183
881	0.8395	0.7182
882	0.8394	0.7181
883	0.8393	0.7180
884	0.8392	0.7178
885	0.8391	0.7177
886	0.8390	0.7176
887	0.8389	0.7174
888	0.8388	0.7173
889	0.8387	0.7172
890	0.8386	0.7171
891	0.8385	0.7169
892	0.8384	0.7168
893	0.8383	0.7167
894	0.8382	0.7166
895	0.8380	0.7164
896	0.8379	0.7163
897	0.8378	0.7162
898	0.8377	0.7160
899	0.8376	0.7159
900	0.8375	0.7158
901	0.8374	0.7157
902	0.8373	0.7155
903	0.8372	0.7154
904	0.8371	0.7153
905	0.8370	0.7152
906	0.8369	0.7150
907	0.8368	0.7149
908	0.8367	0.7148
909	0.8366	0.7146
910	0.8365	0.7145
911	0.8364	0.7144
912	0.8363	0.7143
913	0.8362	0.7141
914	0.8361	0.7140
915	0.8360	0.7139
916	0.8359	0.7138
917	0.8357	0.7136
918	0.8356	0.7135
919	0.8355	0.7134
920	0.8354	0.7133
921	0.8353	0.7131
922	0.8352	0.7130
923	0.8351	0.7129
924	0.8350	0.7127
925	0.8349	0.7126
926	0.8348	0.7125
927	0.8347	0.7124
928	0.8346	0.7122
929	0.8345	0.7121
930	0.8344	0.7120
931	0.8343	0.7119
932	0.8342	0.7117
933	0.8341	0.7116
934	0.8340	0.7115
935	0.8339	0.7114
936	0.8338	0.7112
937	0.8337	0.7111
938	0.8336	0.7110
939	0.8335	0.7109
940	0.8334	0.7107
941	0.8333	0.7106
942	0.8332	0.7105
943	0.8330	0.7104
944	0.8329	0.7102
945	0.8328	0.7101
946	0.8327	0.7100
947	0.8326	0.7098
948	0.8325	0.7097
949	0.8324	0.7096
950	0.8323	0.7095
951	0.8322	0.7093
952	0.8321	0.7092
953	0.8320	0.7091
954	0.8319	0.7090
955	0.8318	0.7088
956	0.8317	0.7087
957	0.8316	0.7086
958	0.8315	0.7085
959	0.8314	0.7083
960	0.8313	0.7082
961	0.8312	0.7081
962	0.8311	0.7080
963	0.8310	0.7078
964	0.8309	0.7077
965	0.8308	0.7076
966	0.8307	0.7075
967	0.8306	0.7073
968	0.8305	0.7072
969	0.8304	0.7071
970	0.8303	0.7070
971	0.8302	0.7068
972	0.8301	0.7067
973	0.8300	0.7066
974	0.8299	0.7065
975	0.8298	0.7063
976	0.8296	0.7062
977	0.8295	0.7061
978	0.8294	0.7060
979	0.8293	0.7058
980	0.8292	0.7057
981	0.8291	0.7056
982	0.8290	0.7055
983	0.8289	0.7053
984	0.8288	0.7052
985	0.8287	0.7051
986	0.8286	0.7050
987	0.8285	0.7048
988	0.8284	0.7047
989	0.8283	0.7046
990	0.8282	0.7045
991	0.8281	0.7043
992	0.8280	0.7042
993	0.8279	0.7041
994	0.8278	0.7040
995	0.8277	0.7038
996	0.8276	0.7037
997	0.8275	0.7036
998	0.8274	0.7035
999	0.8273	0.7034
1000	0.8272	0.7032
1001	0.8271	0.7031
1002	0.8270	0.7030
1003	0.8269	0.7029
1004	0.8268	0.7027
1005	0.8267	0.7026
1006	0.8266	0.7025
1007	0.8265	0.7024
1008	0.8264	0.7022
1009	0.8263	0.7021
1010	0.8262	0.7020
1011	0.8261	0.7019
1012	0.8260	0.7017
1013	0.8259	0.7016
1014	0.8258	0.7015
1015	0.8257	0.7014
1016	0.8256	0.7012
1017	0.8255	0.7011
1018	0.8254	0.7010
1019	0.8253	0.7009
1020	0.8252	0.7008
1021	0.8251	0.7006
1022	0.8250	0.7005
1023	0.8249	0.7004
1024	0.8248	0.7003
1025	0.8247	0.7001
1026	0.8245	0.7000
1027	0.8244	0.6999
1028	0.8243	0.6998
1029	0.8242	0.6996
1030	0.8241	0.6995
1031	0.8240	0.6994
1032	0.8239	0.6993
1033	0.8238	0.6992
1034	0.8237	0.6990
1035	0.8236	0.6989
1036	0.8235	0.6988
1037	0.8234	0.6987
1038	0.8233	0.6985
1039	0.8232	0.6984
1040	0.8231	0.6983
1041	0.8230	0.6982
1042	0.8229	0.6980
1043	0.8228	0.6979
1044	0.8227	0.6978
1045	0.8226	0.6977
1046	0.8225	0.6976
1047	0.8224	0.6974
1048	0.8223	0.6973
1049	0.8222	0.6972
1050	0.8221	0.6971
1051	0.8220	0.6969
1052	0.8219	0.6968
1053	0.8218	0.6967
1054	0.8217	0.6966
1055	0.8216	0.6965
1056	0.8215	0.6963
1057	0.8214	0.6962
1058	0.8213	0.6961
1059	0.8212	0.6960
1060	0.8211	0.6958
1061	0.8210	0.6957
1062	0.8209	0.6956
1063	0.8208	0.6955
1064	0.8207	0.6954
1065	0.8206	0.6952
1066	0.8205	0.6951
1067	0.8204	0.6950
1068	0.8203	0.6949
1069	0.8202	0.6947
1070	0.8201	0.6946
1071	0.8200	0.6945
1072	0.8199	0.6944
1073	0.8198	0.6943
1074	0.8197	0.6941
1075	0.8196	0.6940
1076	0.8195	0.6939
1077	0.8194	0.6938
1078	0.8193	0.6936
1079	0.8192	0.6935
1080	0.8191	0.6934
1081	0.8190	0.6933
1082	0.8189	0.6932
1083	0.8188	0.6930
1084	0.8187	0.6929
1085	0.8186	0.6928
1086	0.8185	0.6927
1087	0.8184	0.6926
1088	0.8183	0.6924
1089	0.8182	0.6923
1090	0.8181	0.6922
1091	0.8180	0.6921
1092	0.8179	0.6919
1093	0.8178	0.6918
1094	0.8177	0.6917
1095	0.8176	0.6916
1096	0.8175	0.6915
1097	0.8174	0.6913
1098	0.8173	0.6912
1099	0.8172	0.6911
1100	0.8171	0.6910
1101	0.8170	0.6909
1102	0.8169	0.6907
1103	0.8168	0.6906
1104	0.8167	0.6905
1105	0.8166	0.6904
1106	0.8165	0.6903
1107	0.8164	0.6901
1108	0.8163	0.6900
1109	0.8162	0.6899
1110	0.8161	0.6898
1111	0.8160	0.6896
1112	0.8159	0.6895
1113	0.8158	0.6894
1114	0.8157	0.6893
1115	0.8156	0.6892
1116	0.8155	0.6890
1117	0.8154	0.6889
1118	0.8153	0.6888
1119	0.8152	0.6887
1120	0.8151	0.6886
1121	0.8150	0.6884
1122	0.8149	0.6883
1123	0.8148	0.6882
1124	0.8147	0.6881
1125	0.8146	0.6880
1126	0.8145	0.6878
1127	0.8144	0.6877
1128	0.8143	0.6876
1129	0.8142	0.6875
1130	0.8141	0.6874
1131	0.8140	0.6872
1132	0.8139	0.6871
1133	0.8138	0.6870
1134	0.8137	0.6869
1135	0.8137	0.6868
1136	0.8136	0.6866
1137	0.8135	0.6865
1138	0.8134	0.6864
1139	0.8133	0.6863
1140	0.8132	0.6862
1141	0.8131	0.6860
1142	0.8130	0.6859
1143	0.8129	0.6858
1144	0.8128	0.6857
1145	0.8127	0.6856
1146	0.8126	0.6854
1147	0.8125	0.6853
1148	0.8124	0.6852
1149	0.8123	0.6851
1150	0.8122	0.6850
1151	0.8121	0.6848
1152	0.8120	0.6847
1153	0.8119	0.6846
1154	0.8118	0.6845
1155	0.8117	0.6844
1156	0.8116	0.6843
1157	0.8115	0.6841
1158	0.8114	0.6840
1159	0.8113	0.6839
1160	0.8112	0.6838
1161	0.8111	0.6837
1162	0.8110	0.6835
1163	0.8109	0.6834
1164	0.8108	0.6833
1165	0.8107	0.6832
1166	0.8106	0.6831
1167	0.8105	0.6829
1168	0.8104	0.6828
1169	0.8103	0.6827
1170	0.8102	0.6826
1171	0.8101	0.6825
1172	0.8100	0.6823
1173	0.8099	0.6822
1174	0.8098	0.6821
1175	0.8097	0.6820
1176	0.8096	0.6819
1177	0.8095	0.6818
1178	0.8094	0.6816
1179	0.8093	0.6815
1180	0.8092	0.6814
1181	0.8091	0.6813
1182	0.8090	0.6812
1183	0.8089	0.6810
1184	0.8088	0.6809
1185	0.8088	0.6808
1186	0.8087	0.6807
1187	0.8086	0.6806
1188	0.8085	0.6804
1189	0.8084	0.6803
1190	0.8083	0.6802
1191	0.8082	0.6801
1192	0.8081	0.6800
1193	0.8080	0.6799
1194	0.8079	0.6797
1195	0.8078	0.6796
1196	0.8077	0.6795
1197	0.8076	0.6794
1198	0.8075	0.6793
1199	0.8074	0.6791
1200	0.8073	0.6790
1201	0.8072	0.6789
1202	0.8071	0.6788
1203	0.8070	0.6787
1204	0.8069	0.6786
1205	0.8068	0.6784
1206	0.8067	0.6783
1207	0.8066	0.6782
1208	0.8065	0.6781
1209	0.8064	0.6780
1210	0.8063	0.6779
1211	0.8062	0.6777
1212	0.8061	0.6776
1213	0.8060	0.6775
1214	0.8059	0.6774
1215	0.8058	0.6773
1216	0.8057	0.6771
1217	0.8056	0.6770
1218	0.8056	0.6769
1219	0.8055	0.6768
1220	0.8054	0.6767
1221	0.8053	0.6766
1222	0.8052	0.6764
1223	0.8051	0.6763
1224	0.8050	0.6762
1225	0.8049	0.6761
1226	0.8048	0.6760
1227	0.8047	0.6759
1228	0.8046	0.6757
1229	0.8045	0.6756
1230	0.8044	0.6755
1231	0.8043	0.6754
1232	0.8042	0.6753
1233	0.8041	0.6752
1234	0.8040	0.6750
1235	0.8039	0.6749
1236	0.8038	0.6748
1237	0.8037	0.6747
1238	0.8036	0.6746
1239	0.8035	0.6745
1240	0.8034	0.6743
1241	0.8033	0.6742
1242	0.8032	0.6741
1243	0.8031	0.6740
1244	0.8031	0.6739
1245	0.8030	0.6738
1246	0.8029	0.6736
1247	0.8028	0.6735
1248	0.8027	0.6734
1249	0.8026	0.6733
1250	0.8025	0.6732
1251	0.8024	0.6731
1252	0.8023	0.6729
1253	0.8022	0.6728
1254	0.8021	0.6727
1255	0.8020	0.6726
1256	0.8019	0.6725
1257	0.8018	0.6724
1258	0.8017	0.6722
1259	0.8016	0.6721
1260	0.8015	0.6720
1261	0.8014	0.6719
1262	0.8013	0.6718
1263	0.8012	0.6717
1264	0.8011	0.6715
1265	0.8010	0.6714
1266	0.8009	0.6713
1267	0.8009	0.6712
1268	0.8008	0.6711
1269	0.8007	0.6710
1270	0.8006	0.6708
1271	0.8005	0.6707
1272	0.8004	0.6706
1273	0.8003	0.6705
1274	0.8002	0.6704
1275	0.8001	0.6703
1276	0.8000	0.6702
1277	0.7999	0.6700
1278	0.7998	0.6699
1279	0.7997	0.6698
1280	0.7996	0.6697
1281	0.7995	0.6696
1282	0.7994	0.6695
1283	0.7993	0.6693
1284	0.7992	0.6692
1285	0.7991	0.6691
1286	0.7990	0.6690
1287	0.7989	0.6689
1288	0.7989	0.6688
1289	0.7988	0.6687
1290	0.7987	0.6685
1291	0.7986	0.6684
1292	0.7985	0.6683
1293	0.7984	0.6682
1294	0.7983	0.6681
1295	0.7982	0.6680
1296	0.7981	0.6678
1297	0.7980	0.6677
1298	0.7979	0.6676
1299	0.7978	0.6675
1300	0.7977	0.6674
1301	0.7976	0.6673
1302	0.7975	0.6672
1303	0.7974	0.6670
1304	0.7973	0.6669
1305	0.7972	0.6668
1306	0.7972	0.6667
1307	0.7971	0.6666
1308	0.7970	0.6665
1309	0.7969	0.6664
1310	0.7968	0.6662
1311	0.7967	0.6661
1312	0.7966	0.6660
1313	0.7965	0.6659
1314	0.7964	0.6658
1315	0.7963	0.6657
1316	0.7962	0.6655
1317	0.7961	0.6654
1318	0.7960	0.6653
1319	0.7959	0.6652
1320	0.7958	0.6651
1321	0.7957	0.6650
1322	0.7956	0.6649
1323	0.7955	0.6647
1324	0.7955	0.6646
1325	0.7954	0.6645
1326	0.7953	0.6644
1327	0.7952	0.6643
1328	0.7951	0.6642
1329	0.7950	0.6641
1330	0.7949	0.6639
1331	0.7948	0.6638
1332	0.7947	0.6637
1333	0.7946	0.6636
1334	0.7945	0.6635
1335	0.7944	0.6634
1336	0.7943	0.6633
1337	0.7942	0.6631
1338	0.7941	0.6630
1339	0.7940	0.6629
1340	0.7940	0.6628
1341	0.7939	0.6627
1342	0.7938	0.6626
1343	0.7937	0.6625
1344	0.7936	0.6624
1345	0.7935	0.6622
1346	0.7934	0.6621
1347	0.7933	0.6620
1348	0.7932	0.6619
1349	0.7931	0.6618
1350	0.7930	0.6617
1351	0.7929	0.6616
1352	0.7928	0.6614
1353	0.7927	0.6613
1354	0.7926	0.6612
1355	0.7926	0.6611
1356	0.7925	0.6610
1357	0.7924	0.6609
1358	0.7923	0.6608
1359	0.7922	0.6607
1360	0.7921	0.6605
1361	0.7920	0.6604
1362	0.7919	0.6603
1363	0.7918	0.6602
1364	0.7917	0.6601
1365	0.7916	0.6600
1366	0.7915	0.6599
1367	0.7914	0.6597
1368	0.7913	0.6596
1369	0.7913	0.6595
1370	0.7912	0.6594
1371	0.7911	0.6593
1372	0.7910	0.6592
1373	0.7909	0.6591
1374	0.7908	0.6590
1375	0.7907	0.6588
1376	0.7906	0.6587
1377	0.7905	0.6586
1378	0.7904	0.6585
1379	0.7903	0.6584
1380	0.7902	0.6583
1381	0.7901	0.6582
1382	0.7900	0.6581
1383	0.7900	0.6579
1384	0.7899	0.6578
1385	0.7898	0.6577
1386	0.7897	0.6576
1387	0.7896	0.6575
1388	0.7895	0.6574
1389	0.7894	0.6573
1390	0.7893	0.6572
1391	0.7892	0.6570
1392	0.7891	0.6569
1393	0.7890	0.6568
1394	0.7889	0.6567
1395	0.7888	0.6566
1396	0.7888	0.6565
1397	0.7887	0.6564
1398	0.7886	0.6563
1399	0.7885	0.6561
1400	0.7884	0.6560
1401	0.7883	0.6559
1402	0.7882	0.6558
1403	0.7881	0.6557
1404	0.7880	0.6556
1405	0.7879	0.6555
1406	0.7878	0.6554
1407	0.7877	0.6552
1408	0.7876	0.6551
1409	0.7876	0.6550
1410	0.7875	0.6549
1411	0.7874	0.6548
1412	0.7873	0.6547
1413	0.7872	0.6546
1414	0.7871	0.6545
1415	0.7870	0.6544
1416	0.7869	0.6542
1417	0.7868	0.6541
1418	0.7867	0.6540
1419	0.7866	0.6539
1420	0.7865	0.6538
1421	0.7865	0.6537
1422	0.7864	0.6536
1423	0.7863	0.6535
1424	0.7862	0.6533
1425	0.7861	0.6532
1426	0.7860	0.6531
1427	0.7859	0.6530
1428	0.7858	0.6529
1429	0.7857	0.6528
1430	0.7856	0.6527
1431	0.7855	0.6526
1432	0.7854	0.6525
1433	0.7854	0.6523
1434	0.7853	0.6522
1435	0.7852	0.6521
1436	0.7851	0.6520
1437	0.7850	0.6519
1438	0.7849	0.6518
1439	0.7848	0.6517
1440	0.7847	0.6516
1441	0.7846	0.6515
1442	0.7845	0.6513
1443	0.7844	0.6512
1444	0.7844	0.6511
1445	0.7843	0.6510
1446	0.7842	0.6509
1447	0.7841	0.6508
1448	0.7840	0.6507
1449	0.7839	0.6506
1450	0.7838	0.6505
1451	0.7837	0.6504
1452	0.7836	0.6502
1453	0.7835	0.6501
1454	0.7834	0.6500
1455	0.7833	0.6499
1456	0.7833	0.6498
1457	0.7832	0.6497
1458	0.7831	0.6496
1459	0.7830	0.6495
1460	0.7829	0.6494
1461	0.7828	0.6492
1462	0.7827	0.6491
1463	0.7826	0.6490
1464	0.7825	0.6489
1465	0.7824	0.6488
1466	0.7824	0.6487
1467	0.7823	0.6486
1468	0.7822	0.6485
1469	0.7821	0.6484
1470	0.7820	0.6483
1471	0.7819	0.6481
1472	0.7818	0.6480
1473	0.7817	0.6479
1474	0.7816	0.6478
1475	0.7815	0.6477
1476	0.7814	0.6476
1477	0.7814	0.6475
1478	0.7813	0.6474
1479	0.7812	0.6473
1480	0.7811	0.6472
1481	0.7810	0.6470
1482	0.7809	0.6469
1483	0.7808	0.6468
1484	0.7807	0.6467
1485	0.7806	0.6466
1486	0.7805	0.6465
1487	0.7805	0.6464
1488	0.7804	0.6463
1489	0.7803	0.6462
1490	0.7802	0.6461
1491	0.7801	0.6459
1492	0.7800	0.6458
1493	0.7799	0.6457
1494	0.7798	0.6456
1495	0.7797	0.6455
1496	0.7796	0.6454
1497	0.7796	0.6453
1498	0.7795	0.6452
1499	0.7794	0.6451
1500	0.7793	0.6450
1501	0.7792	0.6449
1502	0.7791	0.6447
1503	0.7790	0.6446
1504	0.7789	0.6445
1505	0.7788	0.6444
1506	0.7787	0.6443
1507	0.7787	0.6442
1508	0.7786	0.6441
1509	0.7785	0.6440
1510	0.7784	0.6439
1511	0.7783	0.6438
1512	0.7782	0.6437
1513	0.7781	0.6435
1514	0.7780	0.6434
1515	0.7779	0.6433
1516	0.7778	0.6432
1517	0.7778	0.6431
1518	0.7777	0.6430
1519	0.7776	0.6429
1520	0.7775	0.6428
1521	0.7774	0.6427
1522	0.7773	0.6426
1523	0.7772	0.6425
1524	0.7771	0.6423
1525	0.7770	0.6422
1526	0.7770	0.6421
1527	0.7769	0.6420
1528	0.7768	0.6419
1529	0.7767	0.6418
1530	0.7766	0.6417
1531	0.7765	0.6416
1532	0.7764	0.6415
1533	0.7763	0.6414
1534	0.7762	0.6413
1535	0.7762	0.6412
1536	0.7761	0.6410
1537	0.7760	0.6409
1538	0.7759	0.6408
1539	0.7758	0.6407
1540	0.7757	0.6406
1541	0.7756	0.6405
1542	0.7755	0.6404
1543	0.7754	0.6403
1544	0.7754	0.6402
1545	0.7753	0.6401
1546	0.7752	0.6400
1547	0.7751	0.6399
1548	0.7750	0.6398
1549	0.7749	0.6396
1550	0.7748	0.6395
1551	0.7747	0.6394
1552	0.7746	0.6393
1553	0.7746	0.6392
1554	0.7745	0.6391
1555	0.7744	0.6390
1556	0.7743	0.6389
1557	0.7742	0.6388
1558	0.7741	0.6387
1559	0.7740	0.6386
1560	0.7739	0.6385
1561	0.7738	0.6384
1562	0.7738	0.6382
1563	0.7737	0.6381
1564	0.7736	0.6380
1565	0.7735	0.6379
1566	0.7734	0.6378
1567	0.7733	0.6377
1568	0.7732	0.6376
1569	0.7731	0.6375
1570	0.7731	0.6374
1571	0.7730	0.6373
1572	0.7729	0.6372
1573	0.7728	0.6371
1574	0.7727	0.6370
1575	0.7726	0.6368
1576	0.7725	0.6367
1577	0.7724	0.6366
1578	0.7723	0.6365
1579	0.7723	0.6364
1580	0.7722	0.6363
1581	0.7721	0.6362
1582	0.7720	0.6361
1583	0.7719	0.6360
1584	0.7718	0.6359
1585	0.7717	0.6358
1586	0.7716	0.6357
1587	0.7716	0.6356
1588	0.7715	0.6355
1589	0.7714	0.6354
1590	0.7713	0.6352
1591	0.7712	0.6351
1592	0.7711	0.6350
1593	0.7710	0.6349
1594	0.7709	0.6348
1595	0.7709	0.6347
1596	0.7708	0.6346
1597	0.7707	0.6345
1598	0.7706	0.6344
1599	0.7705	0.6343
1600	0.7704	0.6342
1601	0.7703	0.6341
1602	0.7702	0.6340
1603	0.7702	0.6339
1604	0.7701	0.6338
1605	0.7700	0.6336
1606	0.7699	0.6335
1607	0.7698	0.6334
1608	0.7697	0.6333
1609	0.7696	0.6332
1610	0.7695	0.6331
1611	0.7695	0.6330
1612	0.7694	0.6329
1613	0.7693	0.6328
1614	0.7692	0.6327
1615	0.7691	0.6326
1616	0.7690	0.6325
1617	0.7689	0.6324
1618	0.7688	0.6323
1619	0.7688	0.6322
1620	0.7687	0.6321
1621	0.7686	0.6319
1622	0.7685	0.6318
1623	0.7684	0.6317
1624	0.7683	0.6316
1625	0.7682	0.6315
1626	0.7681	0.6314
1627	0.7681	0.6313
1628	0.7680	0.6312
1629	0.7679	0.6311
1630	0.7678	0.6310
1631	0.7677	0.6309
1632	0.7676	0.6308
1633	0.7675	0.6307
1634	0.7675	0.6306
1635	0.7674	0.6305
1636	0.7673	0.6304
1637	0.7672	0.6303
1638	0.7671	0.6302
1639	0.7670	0.6300
1640	0.7669	0.6299
1641	0.7668	0.6298
1642	0.7668	0.6297
1643	0.7667	0.6296
1644	0.7666	0.6295
1645	0.7665	0.6294
1646	0.7664	0.6293
1647	0.7663	0.6292
1648	0.7662	0.6291
1649	0.7662	0.6290
1650	0.7661	0.6289
1651	0.7660	0.6288
1652	0.7659	0.6287
1653	0.7658	0.6286
1654	0.7657	0.6285
1655	0.7656	0.6284
1656	0.7655	0.6283
1657	0.7655	0.6282
1658	0.7654	0.6280
1659	0.7653	0.6279
1660	0.7652	0.6278
1661	0.7651	0.6277
1662	0.7650	0.6276
1663	0.7649	0.6275
1664	0.7649	0.6274
1665	0.7648	0.6273
1666	0.7647	0.6272
1667	0.7646	0.6271
1668	0.7645	0.6270
1669	0.7644	0.6269
1670	0.7643	0.6268
1671	0.7643	0.6267
1672	0.7642	0.6266
1673	0.7641	0.6265
1674	0.7640	0.6264
1675	0.7639	0.6263
1676	0.7638	0.6262
1677	0.7637	0.6261
1678	0.7637	0.6260
1679	0.7636	0.6259
1680	0.7635	0.6257
1681	0.7634	0.6256
1682	0.7633	0.6255
1683	0.7632	0.6254
1684	0.7631	0.6253
1685	0.7631	0.6252
1686	0.7630	0.6251
1687	0.7629	0.6250
1688	0.7628	0.6249
1689	0.7627	0.6248
1690	0.7626	0.6247
1691	0.7625	0.6246
1692	0.7625	0.6245
1693	0.7624	0.6244
1694	0.7623	0.6243
1695	0.7622	0.6242
1696	0.7621	0.6241
1697	0.7620	0.6240
1698	0.7619	0.6239
1699	0.7619	0.6238
1700	0.7618	0.6237
1701	0.7617	0.6236
1702	0.7616	0.6235
1703	0.7615	0.6234
1704	0.7614	0.6233
1705	0.7613	0.6231
1706	0.7613	0.6230
1707	0.7612	0.6229
1708	0.7611	0.6228
1709	0.7610	0.6227
1710	0.7609	0.6226
1711	0.7608	0.6225
1712	0.7608	0.6224
1713	0.7607	0.6223
1714	0.7606	0.6222
1715	0.7605	0.6221
1716	0.7604	0.6220
1717	0.7603	0.6219
1718	0.7602	0.6218
1719	0.7602	0.6217
1720	0.7601	0.6216
1721	0.7600	0.6215
1722	0.7599	0.6214
1723	0.7598	0.6213
1724	0.7597	0.6212
1725	0.7596	0.6211
1726	0.7596	0.6210
1727	0.7595	0.6209
1728	0.7594	0.6208
1729	0.7593	0.6207
1730	0.7592	0.6206
1731	0.7591	0.6205
1732	0.7591	0.6204
1733	0.7590	0.6203
1734	0.7589	0.6202
1735	0.7588	0.6201
1736	0.7587	0.6199
1737	0.7586	0.6198
1738	0.7585	0.6197
1739	0.7585	0.6196
1740	0.7584	0.6195
1741	0.7583	0.6194
1742	0.7582	0.6193
1743	0.7581	0.6192
1744	0.7580	0.6191
1745	0.7580	0.6190
1746	0.7579	0.6189
1747	0.7578	0.6188
1748	0.7577	0.6187
1749	0.7576	0.6186
1750	0.7575	0.6185
1751	0.7575	0.6184
1752	0.7574	0.6183
1753	0.7573	0.6182
1754	0.7572	0.6181
1755	0.7571	0.6180
1756	0.7570	0.6179
1757	0.7569	0.6178
1758	0.7569	0.6177
1759	0.7568	0.6176
1760	0.7567	0.6175
1761	0.7566	0.6174
1762	0.7565	0.6173
1763	0.7564	0.6172
1764	0.7564	0.6171
1765	0.7563	0.6170
1766	0.7562	0.6169
1767	0.7561	0.6168
1768	0.7560	0.6167
1769	0.7559	0.6166
1770	0.7559	0.6165
1771	0.7558	0.6164
1772	0.7557	0.6163
1773	0.7556	0.6162
1774	0.7555	0.6161
1775	0.7554	0.6160
1776	0.7554	0.6159
1777	0.7553	0.6158
1778	0.7552	0.6157
1779	0.7551	0.6156
1780	0.7550	0.6155
1781	0.7549	0.6154
1782	0.7549	0.6152
1783	0.7548	0.6151
1784	0.7547	0.6150
1785	0.7546	0.6149
1786	0.7545	0.6148
1787	0.7544	0.6147
1788	0.7544	0.6146
1789	0.7543	0.6145
1790	0.7542	0.6144
1791	0.7541	0.6143
1792	0.7540	0.6142
1793	0.7539	0.6141
1794	0.7539	0.6140
1795	0.7538	0.6139
1796	0.7537	0.6138
1797	0.7536	0.6137
1798	0.7535	0.6136
1799	0.7534	0.6135
1800	0.7534	0.6134
1801	0.7533	0.6133
1802	0.7532	0.6132
1803	0.7531	0.6131
1804	0.7530	0.6130
1805	0.7529	0.6129
1806	0.7529	0.6128
1807	0.7528	0.6127
1808	0.7527	0.6126
1809	0.7526	0.6125
1810	0.7525	0.6124
1811	0.7524	0.6123
1812	0.7524	0.6122
1813	0.7523	0.6121
1814	0.7522	0.6120
1815	0.7521	0.6119
1816	0.7520	0.6118
1817	0.7519	0.6117
1818	0.7519	0.6116
1819	0.7518	0.6115
1820	0.7517	0.6114
1821	0.7516	0.6113
1822	0.7515	0.6112
1823	0.7514	0.6111
1824	0.7514	0.6110
1825	0.7513	0.6109
1826	0.7512	0.6108
1827	0.7511	0.6107
1828	0.7510	0.6106
1829	0.7510	0.6105
1830	0.7509	0.6104
1831	0.7508	0.6103
1832	0.7507	0.6102
1833	0.7506	0.6101
1834	0.7505	0.6100
1835	0.7505	0.6099
1836	0.7504	0.6098
1837	0.7503	0.6097
1838	0.7502	0.6096
1839	0.7501	0.6095
1840	0.7500	0.6094
1841	0.7500	0.6093
1842	0.7499	0.6092
1843	0.7498	0.6091
1844	0.7497	0.6090
1845	0.7496	0.6089
1846	0.7496	0.6088
1847	0.7495	0.6087
1848	0.7494	0.6086
1849	0.7493	0.6085
1850	0.7492	0.6084
1851	0.7491	0.6083
1852	0.7491	0.6082
1853	0.7490	0.6081
1854	0.7489	0.6080
1855	0.7488	0.6079
1856	0.7487	0.6078
1857	0.7487	0.6077
1858	0.7486	0.6076
1859	0.7485	0.6075
1860	0.7484	0.6074
1861	0.7483	0.6073
1862	0.7482	0.6072
1863	0.7482	0.6071
1864	0.7481	0.6070
1865	0.7480	0.6069
1866	0.7479	0.6068
1867	0.7478	0.6067
1868	0.7478	0.6066
1869	0.7477	0.6065
1870	0.7476	0.6064
1871	0.7475	0.6063
1872	0.7474	0.6062
1873	0.7473	0.6061
1874	0.7473	0.6060
1875	0.7472	0.6059
1876	0.7471	0.6058
1877	0.7470	0.6057
1878	0.7469	0.6056
1879	0.7469	0.6055
1880	0.7468	0.6054
1881	0.7467	0.6053
1882	0.7466	0.6052
1883	0.7465	0.6051
1884	0.7465	0.6050
1885	0.7464	0.6049
1886	0.7463	0.6048
1887	0.7462	0.6047
1888	0.7461	0.6046
1889	0.7460	0.6045
1890	0.7460	0.6044
1891	0.7459	0.6043
1892	0.7458	0.6042
1893	0.7457	0.6041
1894	0.7456	0.6040
1895	0.7456	0.6039
1896	0.7455	0.6038
1897	0.7454	0.6037
1898	0.7453	0.6036
1899	0.7452	0.6035
1900	0.7452	0.6034
1901	0.7451	0.6033
1902	0.7450	0.6033
1903	0.7449	0.6032
1904	0.7448	0.6031
1905	0.7447	0.6030
1906	0.7447	0.6029
1907	0.7446	0.6028
1908	0.7445	0.6027
1909	0.7444	0.6026
1910	0.7443	0.6025
1911	0.7443	0.6024
1912	0.7442	0.6023
1913	0.7441	0.6022
1914	0.7440	0.6021
1915	0.7439	0.6020
1916	0.7439	0.6019
1917	0.7438	0.6018
1918	0.7437	0.6017
1919	0.7436	0.6016
1920	0.7435	0.6015
1921	0.7435	0.6014
1922	0.7434	0.6013
1923	0.7433	0.6012
1924	0.7432	0.6011
1925	0.7431	0.6010
1926	0.7431	0.6009
1927	0.7430	0.6008
1928	0.7429	0.6007
1929	0.7428	0.6006
1930	0.7427	0.6005
1931	0.7427	0.6004
1932	0.7426	0.6003
1933	0.7425	0.6002
1934	0.7424	0.6001
1935	0.7423	0.6000
1936	0.7423	0.5999
1937	0.7422	0.5998
1938	0.7421	0.5997
1939	0.7420	0.5996
1940	0.7419	0.5995
1941	0.7418	0.5994
1942	0.7418	0.5993
1943	0.7417	0.5992
1944	0.7416	0.5991
1945	0.7415	0.5990
1946	0.7414	0.5989
1947	0.7414	0.5988
1948	0.7413	0.5988
1949	0.7412	0.5987
1950	0.7411	0.5986
1951	0.7410	0.5985
1952	0.7410	0.5984
1953	0.7409	0.5983
1954	0.7408	0.5982
1955	0.7407	0.5981
1956	0.7407	0.5980
1957	0.7406	0.5979
1958	0.7405	0.5978
1959	0.7404	0.5977
1960	0.7403	0.5976
1961	0.7403	0.5975
1962	0.7402	0.5974
1963	0.7401	0.5973
1964	0.7400	0.5972
1965	0.7399	0.5971
1966	0.7399	0.5970
1967	0.7398	0.5969
1968	0.7397	0.5968
1969	0.7396	0.5967
1970	0.7395	0.5966
1971	0.7395	0.5965
1972	0.7394	0.5964
1973	0.7393	0.5963
1974	0.7392	0.5962
1975	0.7391	0.5961
1976	0.7391	0.5960
1977	0.7390	0.5959
1978	0.7389	0.5958
1979	0.7388	0.5957
1980	0.7387	0.5957
1981	0.7387	0.5956
1982	0.7386	0.5955
1983	0.7385	0.5954
1984	0.7384	0.5953
1985	0.7383	0.5952
1986	0.7383	0.5951
1987	0.7382	0.5950
1988	0.7381	0.5949
1989	0.7380	0.5948
1990	0.7379	0.5947
1991	0.7379	0.5946
1992	0.7378	0.5945
1993	0.7377	0.5944
1994	0.7376	0.5943
1995	0.7376	0.5942
1996	0.7375	0.5941
1997	0.7374	0.5940
1998	0.7373	0.5939
1999	0.7372	0.5938
2000	0.7372	0.5937
2001	0.7371	0.5936
2002	0.7370	0.5935
2003	0.7369	0.5934
2004	0.7368	0.5933
2005	0.7368	0.5932
2006	0.7367	0.5932
2007	0.7366	0.5931
2008	0.7365	0.5930
2009	0.7365	0.5929
2010	0.7364	0.5928
2011	0.7363	0.5927
2012	0.7362	0.5926
2013	0.7361	0.5925
2014	0.7361	0.5924
2015	0.7360	0.5923
2016	0.7359	0.5922
2017	0.7358	0.5921
2018	0.7357	0.5920
2019	0.7357	0.5919
2020	0.7356	0.5918
2021	0.7355	0.5917
2022	0.7354	0.5916
2023	0.7354	0.5915
2024	0.7353	0.5914
2025	0.7352	0.5913
2026	0.7351	0.5912
2027	0.7350	0.5911
2028	0.7350	0.5911
2029	0.7349	0.5910
2030	0.7348	0.5909
2031	0.7347	0.5908
2032	0.7346	0.5907
2033	0.7346	0.5906
2034	0.7345	0.5905
2035	0.7344	0.5904
2036	0.7343	0.5903
2037	0.7343	0.5902
2038	0.7342	0.5901
2039	0.7341	0.5900
2040	0.7340	0.5899
2041	0.7339	0.5898
2042	0.7339	0.5897
2043	0.7338	0.5896
2044	0.7337	0.5895
2045	0.7336	0.5894
2046	0.7336	0.5893
2047	0.7335	0.5892
2048	0.7334	0.5892
2049	0.7333	0.5891
2050	0.7332	0.5890
2051	0.7332	0.5889
2052	0.7331	0.5888
2053	0.7330	0.5887
2054	0.7329	0.5886
2055	0.7329	0.5885
2056	0.7328	0.5884
2057	0.7327	0.5883
2058	0.7326	0.5882
2059	0.7325	0.5881
2060	0.7325	0.5880
2061	0.7324	0.5879
2062	0.7323	0.5878
2063	0.7322	0.5877
2064	0.7322	0.5876
2065	0.7321	0.5875
2066	0.7320	0.5875
2067	0.7319	0.5874
2068	0.7318	0.5873
2069	0.7318	0.5872
2070	0.7317	0.5871
2071	0.7316	0.5870
2072	0.7315	0.5869
2073	0.7315	0.5868
2074	0.7314	0.5867
2075	0.7313	0.5866
2076	0.7312	0.5865
2077	0.7311	0.5864
2078	0.7311	0.5863
2079	0.7310	0.5862
2080	0.7309	0.5861
2081	0.7308	0.5860
2082	0.7308	0.5859
2083	0.7307	0.5859
2084	0.7306	0.5858
2085	0.7305	0.5857
2086	0.7305	0.5856
2087	0.7304	0.5855
2088	0.7303	0.5854
2089	0.7302	0.5853
2090	0.7301	0.5852
2091	0.7301	0.5851
2092	0.7300	0.5850
2093	0.7299	0.5849
2094	0.7298	0.5848
2095	0.7298	0.5847
2096	0.7297	0.5846
2097	0.7296	0.5845
2098	0.7295	0.5844
2099	0.7294	0.5844
2100	0.7294	0.5843
2101	0.7293	0.5842
2102	0.7292	0.5841
2103	0.7291	0.5840
2104	0.7291	0.5839
2105	0.7290	0.5838
2106	0.7289	0.5837
2107	0.7288	0.5836
2108	0.7288	0.5835
2109	0.7287	0.5834
2110	0.7286	0.5833
2111	0.7285	0.5832
2112	0.7285	0.5831
2113	0.7284	0.5830
2114	0.7283	0.5830
2115	0.7282	0.5829
2116	0.7281	0.5828
2117	0.7281	0.5827
2118	0.7280	0.5826
2119	0.7279	0.5825
2120	0.7278	0.5824
2121	0.7278	0.5823
2122	0.7277	0.5822
2123	0.7276	0.5821
2124	0.7275	0.5820
2125	0.7275	0.5819
2126	0.7274	0.5818
2127	0.7273	0.5817
2128	0.7272	0.5817
2129	0.7272	0.5816
2130	0.7271	0.5815
2131	0.7270	0.5814
2132	0.7269	0.5813
2133	0.7268	0.5812
2134	0.7268	0.5811
2135	0.7267	0.5810
2136	0.7266	0.5809
2137	0.7265	0.5808
2138	0.7265	0.5807
2139	0.7264	0.5806
2140	0.7263	0.5805
2141	0.7262	0.5805
2142	0.7262	0.5804
2143	0.7261	0.5803
2144	0.7260	0.5802
2145	0.7259	0.5801
2146	0.7259	0.5800
2147	0.7258	0.5799
2148	0.7257	0.5798
2149	0.7256	0.5797
2150	0.7256	0.5796
2151	0.7255	0.5795
2152	0.7254	0.5794
2153	0.7253	0.5793
2154	0.7253	0.5793
2155	0.7252	0.5792
2156	0.7251	0.5791
2157	0.7250	0.5790
2158	0.7249	0.5789
2159	0.7249	0.5788
2160	0.7248	0.5787
2161	0.7247	0.5786
2162	0.7246	0.5785
2163	0.7246	0.5784
2164	0.7245	0.5783
2165	0.7244	0.5782
2166	0.7243	0.5781
2167	0.7243	0.5781
2168	0.7242	0.5780
2169	0.7241	0.5779
2170	0.7240	0.5778
2171	0.7240	0.5777
2172	0.7239	0.5776
2173	0.7238	0.5775
2174	0.7237	0.5774
2175	0.7237	0.5773
2176	0.7236	0.5772
2177	0.7235	0.5771
2178	0.7234	0.5770
2179	0.7234	0.5770
2180	0.7233	0.5769
2181	0.7232	0.5768
2182	0.7231	0.5767
2183	0.7231	0.5766
2184	0.7230	0.5765
2185	0.7229	0.5764
2186	0.7228	0.5763
2187	0.7228	0.5762
2188	0.7227	0.5761
2189	0.7226	0.5760
2190	0.7225	0.5760
2191	0.7225	0.5759
2192	0.7224	0.5758
2193	0.7223	0.5757
2194	0.7222	0.5756
2195	0.7222	0.5755
2196	0.7221	0.5754
2197	0.7220	0.5753
2198	0.7219	0.5752
2199	0.7219	0.5751
2200	0.7218	0.5750
2201	0.7217	0.5749
2202	0.7216	0.5749
2203	0.7216	0.5748
2204	0.7215	0.5747
2205	0.7214	0.5746
2206	0.7213	0.5745
2207	0.7213	0.5744
2208	0.7212	0.5743
2209	0.7211	0.5742
2210	0.7210	0.5741
2211	0.7210	0.5740
2212	0.7209	0.5739
2213	0.7208	0.5739
2214	0.7207	0.5738
2215	0.7207	0.5737
2216	0.7206	0.5736
2217	0.7205	0.5735
2218	0.7204	0.5734
2219	0.7204	0.5733
2220	0.7203	0.5732
2221	0.7202	0.5731
2222	0.7201	0.5730
2223	0.7201	0.5730
2224	0.7200	0.5729
2225	0.7199	0.5728
2226	0.7198	0.5727
2227	0.7198	0.5726
2228	0.7197	0.5725
2229	0.7196	0.5724
2230	0.7196	0.5723
2231	0.7195	0.5722
2232	0.7194	0.5721
2233	0.7193	0.5720
2234	0.7193	0.5720
2235	0.7192	0.5719
2236	0.7191	0.5718
2237	0.7190	0.5717
2238	0.7190	0.5716
2239	0.7189	0.5715
2240	0.7188	0.5714
2241	0.7187	0.5713
2242	0.7187	0.5712
2243	0.7186	0.5711
2244	0.7185	0.5711
2245	0.7184	0.5710
2246	0.7184	0.5709
2247	0.7183	0.5708
2248	0.7182	0.5707
2249	0.7181	0.5706
2250	0.7181	0.5705
2251	0.7180	0.5704
2252	0.7179	0.5703
2253	0.7178	0.5703
2254	0.7178	0.5702
2255	0.7177	0.5701
2256	0.7176	0.5700
2257	0.7176	0.5699
2258	0.7175	0.5698
2259	0.7174	0.5697
2260	0.7173	0.5696
2261	0.7173	0.5695
2262	0.7172	0.5694
2263	0.7171	0.5694
2264	0.7170	0.5693
2265	0.7170	0.5692
2266	0.7169	0.5691
2267	0.7168	0.5690
2268	0.7167	0.5689
2269	0.7167	0.5688
2270	0.7166	0.5687
2271	0.7165	0.5686
2272	0.7164	0.5685
2273	0.7164	0.5685
2274	0.7163	0.5684
2275	0.7162	0.5683
2276	0.7162	0.5682
2277	0.7161	0.5681
2278	0.7160	0.5680
2279	0.7159	0.5679
2280	0.7159	0.5678
2281	0.7158	0.5677
2282	0.7157	0.5677
2283	0.7156	0.5676
2284	0.7156	0.5675
2285	0.7155	0.5674
2286	0.7154	0.5673
2287	0.7153	0.5672
2288	0.7153	0.5671
2289	0.7152	0.5670
2290	0.7151	0.5669
2291	0.7151	0.5669
2292	0.7150	0.5668
2293	0.7149	0.5667
2294	0.7148	0.5666
2295	0.7148	0.5665
2296	0.7147	0.5664
2297	0.7146	0.5663
2298	0.7145	0.5662
2299	0.7145	0.5661
2300	0.7144	0.5661
2301	0.7143	0.5660
2302	0.7143	0.5659
2303	0.7142	0.5658
2304	0.7141	0.5657
2305	0.7140	0.5656
2306	0.7140	0.5655
2307	0.7139	0.5654
2308	0.7138	0.5654
2309	0.7137	0.5653
2310	0.7137	0.5652
2311	0.7136	0.5651
2312	0.7135	0.5650
2313	0.7135	0.5649
2314	0.7134	0.5648
2315	0.7133	0.5647
2316	0.7132	0.5646
2317	0.7132	0.5646
2318	0.7131	0.5645
2319	0.7130	0.5644
2320	0.7129	0.5643
2321	0.7129	0.5642
2322	0.7128	0.5641
2323	0.7127	0.5640
2324	0.7127	0.5639
2325	0.7126	0.5639
2326	0.7125	0.5638
2327	0.7124	0.5637
2328	0.7124	0.5636
2329	0.7123	0.5635
2330	0.7122	0.5634
2331	0.7121	0.5633
2332	0.7121	0.5632
2333	0.7120	0.5631
2334	0.7119	0.5631
2335	0.7119	0.5630
2336	0.7118	0.5629
2337	0.7117	0.5628
2338	0.7116	0.5627
2339	0.7116	0.5626
2340	0.7115	0.5625
2341	0.7114	0.5624
2342	0.7114	0.5624
2343	0.7113	0.5623
2344	0.7112	0.5622
2345	0.7111	0.5621
2346	0.7111	0.5620
2347	0.7110	0.5619
2348	0.7109	0.5618
2349	0.7108	0.5617
2350	0.7108	0.5617
2351	0.7107	0.5616
2352	0.7106	0.5615
2353	0.7106	0.5614
2354	0.7105	0.5613
2355	0.7104	0.5612
2356	0.7103	0.5611
2357	0.7103	0.5610
2358	0.7102	0.5610
2359	0.7101	0.5609
2360	0.7101	0.5608
2361	0.7100	0.5607
2362	0.7099	0.5606
2363	0.7098	0.5605
2364	0.7098	0.5604
2365	0.7097	0.5603
2366	0.7096	0.5603
2367	0.7096	0.5602
2368	0.7095	0.5601
2369	0.7094	0.5600
2370	0.7093	0.5599
2371	0.7093	0.5598
2372	0.7092	0.5597
2373	0.7091	0.5597
2374	0.7091	0.5596
2375	0.7090	0.5595
2376	0.7089	0.5594
2377	0.7088	0.5593
2378	0.7088	0.5592
2379	0.7087	0.5591
2380	0.7086	0.5590
2381	0.7086	0.5590
2382	0.7085	0.5589
2383	0.7084	0.5588
2384	0.7083	0.5587
2385	0.7083	0.5586
2386	0.7082	0.5585
2387	0.7081	0.5584
2388	0.7081	0.5584
2389	0.7080	0.5583
2390	0.7079	0.5582
2391	0.7078	0.5581
2392	0.7078	0.5580
2393	0.7077	0.5579
2394	0.7076	0.5578
2395	0.7076	0.5577
2396	0.7075	0.5577
2397	0.7074	0.5576
2398	0.7073	0.5575
2399	0.7073	0.5574
2400	0.7072	0.5573
2401	0.7071	0.5572
2402	0.7071	0.5571
2403	0.7070	0.5571
2404	0.7069	0.5570
2405	0.7068	0.5569
2406	0.7068	0.5568
2407	0.7067	0.5567
2408	0.7066	0.5566
2409	0.7066	0.5565
2410	0.7065	0.5565
2411	0.7064	0.5564
2412	0.7063	0.5563
2413	0.7063	0.5562
2414	0.7062	0.5561
2415	0.7061	0.5560
2416	0.7061	0.5559
2417	0.7060	0.5559
2418	0.7059	0.5558
2419	0.7059	0.5557
2420	0.7058	0.5556
2421	0.7057	0.5555
2422	0.7056	0.5554
2423	0.7056	0.5553
2424	0.7055	0.5553
2425	0.7054	0.5552
2426	0.7054	0.5551
2427	0.7053	0.5550
2428	0.7052	0.5549
2429	0.7051	0.5548
2430	0.7051	0.5547
2431	0.7050	0.5547
2432	0.7049	0.5546
2433	0.7049	0.5545
2434	0.7048	0.5544
2435	0.7047	0.5543
2436	0.7047	0.5542
2437	0.7046	0.5541
2438	0.7045	0.5541
2439	0.7044	0.5540
2440	0.7044	0.5539
2441	0.7043	0.5538
2442	0.7042	0.5537
2443	0.7042	0.5536
2444	0.7041	0.5535
2445	0.7040	0.5535
2446	0.7040	0.5534
2447	0.7039	0.5533
2448	0.7038	0.5532
2449	0.7037	0.5531
2450	0.7037	0.5530
2451	0.7036	0.5529
2452	0.7035	0.5529
2453	0.7035	0.5528
2454	0.7034	0.5527
2455	0.7033	0.5526
2456	0.7033	0.5525
2457	0.7032	0.5524
2458	0.7031	0.5523
2459	0.7030	0.5523
2460	0.7030	0.5522
2461	0.7029	0.5521
2462	0.7028	0.5520
2463	0.7028	0.5519
2464	0.7027	0.5518
2465	0.7026	0.5518
2466	0.7026	0.5517
2467	0.7025	0.5516
2468	0.7024	0.5515
2469	0.7023	0.5514
2470	0.7023	0.5513
2471	0.7022	0.5512
2472	0.7021	0.5512
2473	0.7021	0.5511
2474	0.7020	0.5510
2475	0.7019	0.5509
2476	0.7019	0.5508
2477	0.7018	0.5507
2478	0.7017	0.5507
2479	0.7016	0.5506
2480	0.7016	0.5505
2481	0.7015	0.5504
2482	0.7014	0.5503
2483	0.7014	0.5502
2484	0.7013	0.5501
2485	0.7012	0.5501
2486	0.7012	0.5500
2487	0.7011	0.5499
2488	0.7010	0.5498
2489	0.7009	0.5497
2490	0.7009	0.5496
2491	0.7008	0.5496
2492	0.7007	0.5495
2493	0.7007	0.5494
2494	0.7006	0.5493
2495	0.7005	0.5492
2496	0.7005	0.5491
2497	0.7004	0.5491
2498	0.7003	0.5490
2499	0.7003	0.5489
2500	0.7002	0.5488
2501	0.7001	0.5487
2502	0.7000	0.5486
2503	0.7000	0.5485
2504	0.6999	0.5485
2505	0.6998	0.5484
2506	0.6998	0.5483
2507	0.6997	0.5482
2508	0.6996	0.5481
2509	0.6996	0.5480
2510	0.6995	0.5480
2511	0.6994	0.5479
2512	0.6994	0.5478
2513	0.6993	0.5477
2514	0.6992	0.5476
2515	0.6992	0.5475
2516	0.6991	0.5475
2517	0.6990	0.5474
2518	0.6989	0.5473
2519	0.6989	0.5472
2520	0.6988	0.5471
2521	0.6987	0.5470
2522	0.6987	0.5470
2523	0.6986	0.5469
2524	0.6985	0.5468
2525	0.6985	0.5467
2526	0.6984	0.5466
2527	0.6983	0.5465
2528	0.6983	0.5465
2529	0.6982	0.5464
2530	0.6981	0.5463
2531	0.6981	0.5462
2532	0.6980	0.5461
2533	0.6979	0.5460
2534	0.6978	0.5460
2535	0.6978	0.5459
2536	0.6977	0.5458
2537	0.6976	0.5457
2538	0.6976	0.5456
2539	0.6975	0.5455
2540	0.6974	0.5455
2541	0.6974	0.5454
2542	0.6973	0.5453
2543	0.6972	0.5452
2544	0.6972	0.5451
2545	0.6971	0.5450
2546	0.6970	0.5450
2547	0.6970	0.5449
2548	0.6969	0.5448
2549	0.6968	0.5447
2550	0.6967	0.5446
2551	0.6967	0.5445
2552	0.6966	0.5445
2553	0.6965	0.5444
2554	0.6965	0.5443
2555	0.6964	0.5442
2556	0.6963	0.5441
2557	0.6963	0.5440
2558	0.6962	0.5440
2559	0.6961	0.5439
2560	0.6961	0.5438
2561	0.6960	0.5437
2562	0.6959	0.5436
2563	0.6959	0.5436
2564	0.6958	0.5435
2565	0.6957	0.5434
2566	0.6957	0.5433
2567	0.6956	0.5432
2568	0.6955	0.5431
2569	0.6955	0.5431
2570	0.6954	0.5430
2571	0.6953	0.5429
2572	0.6953	0.5428
2573	0.6952	0.5427
2574	0.6951	0.5426
2575	0.6950	0.5426
2576	0.6950	0.5425
2577	0.6949	0.5424
2578	0.6948	0.5423
2579	0.6948	0.5422
2580	0.6947	0.5421
2581	0.6946	0.5421
2582	0.6946	0.5420
2583	0.6945	0.5419
2584	0.6944	0.5418
2585	0.6944	0.5417
2586	0.6943	0.5417
2587	0.6942	0.5416
2588	0.6942	0.5415
2589	0.6941	0.5414
2590	0.6940	0.5413
2591	0.6940	0.5412
2592	0.6939	0.5412
2593	0.6938	0.5411
2594	0.6938	0.5410
2595	0.6937	0.5409
2596	0.6936	0.5408
2597	0.6936	0.5408
2598	0.6935	0.5407
2599	0.6934	0.5406
2600	0.6934	0.5405
2601	0.6933	0.5404
2602	0.6932	0.5403
2603	0.6932	0.5403
2604	0.6931	0.5402
2605	0.6930	0.5401
2606	0.6930	0.5400
2607	0.6929	0.5399
2608	0.6928	0.5399
2609	0.6928	0.5398
2610	0.6927	0.5397
2611	0.6926	0.5396
2612	0.6925	0.5395
2613	0.6925	0.5394
2614	0.6924	0.5394
2615	0.6923	0.5393
2616	0.6923	0.5392
2617	0.6922	0.5391
2618	0.6921	0.5390
2619	0.6921	0.5390
2620	0.6920	0.5389
2621	0.6919	0.5388
2622	0.6919	0.5387
2623	0.6918	0.5386
2624	0.6917	0.5386
2625	0.6917	0.5385
2626	0.6916	0.5384
2627	0.6915	0.5383
2628	0.6915	0.5382
2629	0.6914	0.5381
2630	0.6913	0.5381
2631	0.6913	0.5380
2632	0.6912	0.5379
2633	0.6911	0.5378
2634	0.6911	0.5377
2635	0.6910	0.5377
2636	0.6909	0.5376
2637	0.6909	0.5375
2638	0.6908	0.5374
2639	0.6907	0.5373
2640	0.6907	0.5373
2641	0.6906	0.5372
2642	0.6905	0.5371
2643	0.6905	0.5370
2644	0.6904	0.5369
2645	0.6903	0.5369
2646	0.6903	0.5368
2647	0.6902	0.5367
2648	0.6901	0.5366
2649	0.6901	0.5365
2650	0.6900	0.5364
2651	0.6899	0.5364
2652	0.6899	0.5363
2653	0.6898	0.5362
2654	0.6897	0.5361
2655	0.6897	0.5360
2656	0.6896	0.5360
2657	0.6895	0.5359
2658	0.6895	0.5358
2659	0.6894	0.5357
2660	0.6893	0.5356
2661	0.6893	0.5356
2662	0.6892	0.5355
2663	0.6891	0.5354
2664	0.6891	0.5353
2665	0.6890	0.5352
2666	0.6889	0.5352
2667	0.6889	0.5351
2668	0.6888	0.5350
2669	0.6887	0.5349
2670	0.6887	0.5348
2671	0.6886	0.5348
2672	0.6885	0.5347
2673	0.6885	0.5346
2674	0.6884	0.5345
2675	0.6883	0.5344
2676	0.6883	0.5344
2677	0.6882	0.5343
2678	0.6882	0.5342
2679	0.6881	0.5341
2680	0.6880	0.5340
2681	0.6880	0.5340
2682	0.6879	0.5339
2683	0.6878	0.5338
2684	0.6878	0.5337
2685	0.6877	0.5336
2686	0.6876	0.5336
2687	0.6876	0.5335
2688	0.6875	0.5334
2689	0.6874	0.5333
2690	0.6874	0.5332
2691	0.6873	0.5332
2692	0.6872	0.5331
2693	0.6872	0.5330
2694	0.6871	0.5329
2695	0.6870	0.5328
2696	0.6870	0.5328
2697	0.6869	0.5327
2698	0.6868	0.5326
2699	0.6868	0.5325
2700	0.6867	0.5324
2701	0.6866	0.5324
2702	0.6866	0.5323
2703	0.6865	0.5322
2704	0.6864	0.5321
2705	0.6864	0.5320
2706	0.6863	0.5320
2707	0.6862	0.5319
2708	0.6862	0.5318
2709	0.6861	0.5317
2710	0.6860	0.5316
2711	0.6860	0.5316
2712	0.6859	0.5315
2713	0.6858	0.5314
2714	0.6858	0.5313
2715	0.6857	0.5312
2716	0.6857	0.5312
2717	0.6856	0.5311
2718	0.6855	0.5310
2719	0.6855	0.5309
2720	0.6854	0.5308
2721	0.6853	0.5308
2722	0.6853	0.5307
2723	0.6852	0.5306
2724	0.6851	0.5305
2725	0.6851	0.5305
2726	0.6850	0.5304
2727	0.6849	0.5303
2728	0.6849	0.5302
2729	0.6848	0.5301
2730	0.6847	0.5301
2731	0.6847	0.5300
2732	0.6846	0.5299
2733	0.6845	0.5298
2734	0.6845	0.5297
2735	0.6844	0.5297
2736	0.6843	0.5296
2737	0.6843	0.5295
2738	0.6842	0.5294
2739	0.6842	0.5293
2740	0.6841	0.5293
2741	0.6840	0.5292
2742	0.6840	0.5291
2743	0.6839	0.5290
2744	0.6838	0.5290
2745	0.6838	0.5289
2746	0.6837	0.5288
2747	0.6836	0.5287
2748	0.6836	0.5286
2749	0.6835	0.5286
2750	0.6834	0.5285
2751	0.6834	0.5284
2752	0.6833	0.5283
2753	0.6832	0.5282
2754	0.6832	0.5282
2755	0.6831	0.5281
2756	0.6831	0.5280
2757	0.6830	0.5279
2758	0.6829	0.5279
2759	0.6829	0.5278
2760	0.6828	0.5277
2761	0.6827	0.5276
2762	0.6827	0.5275
2763	0.6826	0.5275
2764	0.6825	0.5274
2765	0.6825	0.5273
2766	0.6824	0.5272
2767	0.6823	0.5271
2768	0.6823	0.5271
2769	0.6822	0.5270
2770	0.6821	0.5269
2771	0.6821	0.5268
2772	0.6820	0.5268
2773	0.6820	0.5267
2774	0.6819	0.5266
2775	0.6818	0.5265
2776	0.6818	0.5264
2777	0.6817	0.5264
2778	0.6816	0.5263
2779	0.6816	0.5262
2780	0.6815	0.5261
2781	0.6814	0.5261
2782	0.6814	0.5260
2783	0.6813	0.5259
2784	0.6812	0.5258
2785	0.6812	0.5257
2786	0.6811	0.5257
2787	0.6811	0.5256
2788	0.6810	0.5255
2789	0.6809	0.5254
2790	0.6809	0.5254
2791	0.6808	0.5253
2792	0.6807	0.5252
2793	0.6807	0.5251
2794	0.6806	0.5250
2795	0.6805	0.5250
2796	0.6805	0.5249
2797	0.6804	0.5248
2798	0.6803	0.5247
2799	0.6803	0.5247
2800	0.6802	0.5246
2801	0.6802	0.5245
2802	0.6801	0.5244
2803	0.6800	0.5243
2804	0.6800	0.5243
2805	0.6799	0.5242
2806	0.6798	0.5241
2807	0.6798	0.5240
2808	0.6797	0.5240
2809	0.6796	0.5239
2810	0.6796	0.5238
2811	0.6795	0.5237
2812	0.6795	0.5237
2813	0.6794	0.5236
2814	0.6793	0.5235
2815	0.6793	0.5234
2816	0.6792	0.5233
2817	0.6791	0.5233
2818	0.6791	0.5232
2819	0.6790	0.5231
2820	0.6789	0.5230
2821	0.6789	0.5230
2822	0.6788	0.5229
2823	0.6788	0.5228
2824	0.6787	0.5227
2825	0.6786	0.5226
2826	0.6786	0.5226
2827	0.6785	0.5225
2828	0.6784	0.5224
2829	0.6784	0.5223
2830	0.6783	0.5223
2831	0.6782	0.5222
2832	0.6782	0.5221
2833	0.6781	0.5220
2834	0.6781	0.5220
2835	0.6780	0.5219
2836	0.6779	0.5218
2837	0.6779	0.5217
2838	0.6778	0.5216
2839	0.6777	0.5216
2840	0.6777	0.5215
2841	0.6776	0.5214
2842	0.6775	0.5213
2843	0.6775	0.5213
2844	0.6774	0.5212
2845	0.6774	0.5211
2846	0.6773	0.5210
2847	0.6772	0.5210
2848	0.6772	0.5209
2849	0.6771	0.5208
2850	0.6770	0.5207
2851	0.6770	0.5207
2852	0.6769	0.5206
2853	0.6769	0.5205
2854	0.6768	0.5204
2855	0.6767	0.5203
2856	0.6767	0.5203
2857	0.6766	0.5202
2858	0.6765	0.5201
2859	0.6765	0.5200
2860	0.6764	0.5200
2861	0.6763	0.5199
2862	0.6763	0.5198
2863	0.6762	0.5197
2864	0.6762	0.5197
2865	0.6761	0.5196
2866	0.6760	0.5195
2867	0.6760	0.5194
2868	0.6759	0.5194
2869	0.6758	0.5193
2870	0.6758	0.5192
2871	0.6757	0.5191
2872	0.6757	0.5191
2873	0.6756	0.5190
2874	0.6755	0.5189
2875	0.6755	0.5188
2876	0.6754	0.5187
2877	0.6753	0.5187
2878	0.6753	0.5186
2879	0.6752	0.5185
2880	0.6752	0.5184
2881	0.6751	0.5184
2882	0.6750	0.5183
2883	0.6750	0.5182
2884	0.6749	0.5181
2885	0.6748	0.5181
2886	0.6748	0.5180
2887	0.6747	0.5179
2888	0.6747	0.5178
2889	0.6746	0.5178
2890	0.6745	0.5177
2891	0.6745	0.5176
2892	0.6744	0.5175
2893	0.6743	0.5175
2894	0.6743	0.5174
2895	0.6742	0.5173
2896	0.6742	0.5172
2897	0.6741	0.5172
2898	0.6740	0.5171
2899	0.6740	0.5170
2900	0.6739	0.5169
2901	0.6738	0.5169
2902	0.6738	0.5168
2903	0.6737	0.5167
2904	0.6737	0.5166
2905	0.6736	0.5166
2906	0.6735	0.5165
2907	0.6735	0.5164
2908	0.6734	0.5163
2909	0.6733	0.5163
2910	0.6733	0.5162
2911	0.6732	0.5161
2912	0.6732	0.5160
2913	0.6731	0.5160
2914	0.6730	0.5159
2915	0.6730	0.5158
2916	0.6729	0.5157
2917	0.6728	0.5157
2918	0.6728	0.5156
2919	0.6727	0.5155
2920	0.6727	0.5154
2921	0.6726	0.5154
2922	0.6725	0.5153
2923	0.6725	0.5152
2924	0.6724	0.5151
2925	0.6724	0.5151
2926	0.6723	0.5150
2927	0.6722	0.5149
2928	0.6722	0.5148
2929	0.6721	0.5148
2930	0.6720	0.5147
2931	0.6720	0.5146
2932	0.6719	0.5145
2933	0.6719	0.5145
2934	0.6718	0.5144
2935	0.6717	0.5143
2936	0.6717	0.5142
2937	0.6716	0.5142
2938	0.6715	0.5141
2939	0.6715	0.5140
2940	0.6714	0.5139
2941	0.6714	0.5139
2942	0.6713	0.5138
2943	0.6712	0.5137
2944	0.6712	0.5136
2945	0.6711	0.5136
2946	0.6711	0.5135
2947	0.6710	0.5134
2948	0.6709	0.5133
2949	0.6709	0.5133
2950	0.6708	0.5132
2951	0.6707	0.5131
2952	0.6707	0.5130
2953	0.6706	0.5130
2954	0.6706	0.5129
2955	0.6705	0.5128
2956	0.6704	0.5127
2957	0.6704	0.5127
2958	0.6703	0.5126
2959	0.6703	0.5125
2960	0.6702	0.5124
2961	0.6701	0.5124
2962	0.6701	0.5123
2963	0.6700	0.5122
2964	0.6699	0.5121
2965	0.6699	0.5121
2966	0.6698	0.5120
2967	0.6698	0.5119
2968	0.6697	0.5118
2969	0.6696	0.5118
2970	0.6696	0.5117
2971	0.6695	0.5116
2972	0.6695	0.5116
2973	0.6694	0.5115
2974	0.6693	0.5114
2975	0.6693	0.5113
2976	0.6692	0.5113
2977	0.6692	0.5112
2978	0.6691	0.5111
2979	0.6690	0.5110
2980	0.6690	0.5110
2981	0.6689	0.5109
2982	0.6688	0.5108
2983	0.6688	0.5107
2984	0.6687	0.5107
2985	0.6687	0.5106
2986	0.6686	0.5105
2987	0.6685	0.5104
2988	0.6685	0.5104
2989	0.6684	0.5103
2990	0.6684	0.5102
2991	0.6683	0.5101
2992	0.6682	0.5101
2993	0.6682	0.5100
2994	0.6681	0.5099
2995	0.6681	0.5099
2996	0.6680	0.5098
2997	0.6679	0.5097
2998	0.6679	0.5096
2999	0.6678	0.5096
3000	0.6678	0.5095
3001	0.6677	0.5094
3002	0.6676	0.5093
3003	0.6676	0.5093
3004	0.6675	0.5092
3005	0.6674	0.5091
3006	0.6674	0.5090
3007	0.6673	0.5090
3008	0.6673	0.5089
3009	0.6672	0.5088
3010	0.6671	0.5088
3011	0.6671	0.5087
3012	0.6670	0.5086
3013	0.6670	0.5085
3014	0.6669	0.5085
3015	0.6668	0.5084
3016	0.6668	0.5083
3017	0.6667	0.5082
3018	0.6667	0.5082
3019	0.6666	0.5081
3020	0.6665	0.5080
3021	0.6665	0.5079
3022	0.6664	0.5079
3023	0.6664	0.5078
3024	0.6663	0.5077
3025	0.6662	0.5077
3026	0.6662	0.5076
3027	0.6661	0.5075
3028	0.6661	0.5074
3029	0.6660	0.5074
3030	0.6659	0.5073
3031	0.6659	0.5072
3032	0.6658	0.5071
3033	0.6658	0.5071
3034	0.6657	0.5070
3035	0.6656	0.5069
3036	0.6656	0.5069
3037	0.6655	0.5068
3038	0.6655	0.5067
3039	0.6654	0.5066
3040	0.6653	0.5066
3041	0.6653	0.5065
3042	0.6652	0.5064
3043	0.6652	0.5063
3044	0.6651	0.5063
3045	0.6650	0.5062
3046	0.6650	0.5061
3047	0.6649	0.5061
3048	0.6649	0.5060
3049	0.6648	0.5059
3050	0.6647	0.5058
3051	0.6647	0.5058
3052	0.6646	0.5057
3053	0.6646	0.5056
3054	0.6645	0.5055
3055	0.6644	0.5055
3056	0.6644	0.5054
3057	0.6643	0.5053
3058	0.6643	0.5053
3059	0.6642	0.5052
3060	0.6641	0.5051
3061	0.6641	0.5050
3062	0.6640	0.5050
3063	0.6640	0.5049
3064	0.6639	0.5048
3065	0.6638	0.5048
3066	0.6638	0.5047
3067	0.6637	0.5046
3068	0.6637	0.5045
3069	0.6636	0.5045
3070	0.6635	0.5044
3071	0.6635	0.5043
3072	0.6634	0.5042
3073	0.6634	0.5042
3074	0.6633	0.5041
3075	0.6632	0.5040
3076	0.6632	0.5040
3077	0.6631	0.5039
3078	0.6631	0.5038
3079	0.6630	0.5037
3080	0.6629	0.5037
3081	0.6629	0.5036
3082	0.6628	0.5035
3083	0.6628	0.5035
3084	0.6627	0.5034
3085	0.6626	0.5033
3086	0.6626	0.5032
3087	0.6625	0.5032
3088	0.6625	0.5031
3089	0.6624	0.5030
3090	0.6623	0.5030
3091	0.6623	0.5029
3092	0.6622	0.5028
3093	0.6622	0.5027
3094	0.6621	0.5027
3095	0.6621	0.5026
3096	0.6620	0.5025
3097	0.6619	0.5025
3098	0.6619	0.5024
3099	0.6618	0.5023
3100	0.6618	0.5022
3101	0.6617	0.5022
3102	0.6616	0.5021
3103	0.6616	0.5020
3104	0.6615	0.5020
3105	0.6615	0.5019
3106	0.6614	0.5018
3107	0.6613	0.5017
3108	0.6613	0.5017
3109	0.6612	0.5016
3110	0.6612	0.5015
3111	0.6611	0.5015
3112	0.6610	0.5014
3113	0.6610	0.5013
3114	0.6609	0.5012
3115	0.6609	0.5012
3116	0.6608	0.5011
3117	0.6608	0.5010
3118	0.6607	0.5010
3119	0.6606	0.5009
3120	0.6606	0.5008
3121	0.6605	0.5007
3122	0.6605	0.5007
3123	0.6604	0.5006
3124	0.6603	0.5005
3125	0.6603	0.5005
3126	0.6602	0.5004
3127	0.6602	0.5003
3128	0.6601	0.5002
3129	0.6600	0.5002
3130	0.6600	0.5001
3131	0.6599	0.5000
3132	0.6599	0.5000
3133	0.6598	0.4999
3134	0.6598	0.4998
3135	0.6597	0.4997
3136	0.6596	0.4997
3137	0.6596	0.4996
3138	0.6595	0.4995
3139	0.6595	0.4995
3140	0.6594	0.4994
3141	0.6593	0.4993
3142	0.6593	0.4993
3143	0.6592	0.4992
3144	0.6592	0.4991
3145	0.6591	0.4990
3146	0.6590	0.4990
3147	0.6590	0.4989
3148	0.6589	0.4988
3149	0.6589	0.4988
3150	0.6588	0.4987
3151	0.6588	0.4986
3152	0.6587	0.4985
3153	0.6586	0.4985
3154	0.6586	0.4984
3155	0.6585	0.4983
3156	0.6585	0.4983
3157	0.6584	0.4982
3158	0.6583	0.4981
3159	0.6583	0.4981
3160	0.6582	0.4980
3161	0.6582	0.4979
3162	0.6581	0.4978
3163	0.6581	0.4978
3164	0.6580	0.4977
3165	0.6579	0.4976
3166	0.6579	0.4976
3167	0.6578	0.4975
3168	0.6578	0.4974
3169	0.6577	0.4974
3170	0.6576	0.4973
3171	0.6576	0.4972
3172	0.6575	0.4971
3173	0.6575	0.4971
3174	0.6574	0.4970
3175	0.6574	0.4969
3176	0.6573	0.4969
3177	0.6572	0.4968
3178	0.6572	0.4967
3179	0.6571	0.4967
3180	0.6571	0.4966
3181	0.6570	0.4965
3182	0.6570	0.4964
3183	0.6569	0.4964
3184	0.6568	0.4963
3185	0.6568	0.4962
3186	0.6567	0.4962
3187	0.6567	0.4961
3188	0.6566	0.4960
3189	0.6565	0.4960
3190	0.6565	0.4959
3191	0.6564	0.4958
3192	0.6564	0.4957
3193	0.6563	0.4957
3194	0.6563	0.4956
3195	0.6562	0.4955
3196	0.6561	0.4955
3197	0.6561	0.4954
3198	0.6560	0.4953
3199	0.6560	0.4953
3200	0.6559	0.4952
3201	0.6559	0.4951
3202	0.6558	0.4950
3203	0.6557	0.4950
3204	0.6557	0.4949
3205	0.6556	0.4948
3206	0.6556	0.4948
3207	0.6555	0.4947
3208	0.6555	0.4946
3209	0.6554	0.4946
3210	0.6553	0.4945
3211	0.6553	0.4944
3212	0.6552	0.4944
3213	0.6552	0.4943
3214	0.6551	0.4942
3215	0.6550	0.4941
3216	0.6550	0.4941
3217	0.6549	0.4940
3218	0.6549	0.4939
3219	0.6548	0.4939
3220	0.6548	0.4938
3221	0.6547	0.4937
3222	0.6546	0.4937
3223	0.6546	0.4936
3224	0.6545	0.4935
3225	0.6545	0.4935
3226	0.6544	0.4934
3227	0.6544	0.4933
3228	0.6543	0.4932
3229	0.6542	0.4932
3230	0.6542	0.4931
3231	0.6541	0.4930
3232	0.6541	0.4930
3233	0.6540	0.4929
3234	0.6540	0.4928
3235	0.6539	0.4928
3236	0.6538	0.4927
3237	0.6538	0.4926
3238	0.6537	0.4926
3239	0.6537	0.4925
3240	0.6536	0.4924
3241	0.6536	0.4924
3242	0.6535	0.4923
3243	0.6534	0.4922
3244	0.6534	0.4921
3245	0.6533	0.4921
3246	0.6533	0.4920
3247	0.6532	0.4919
3248	0.6532	0.4919
3249	0.6531	0.4918
3250	0.6530	0.4917
3251	0.6530	0.4917
3252	0.6529	0.4916
3253	0.6529	0.4915
3254	0.6528	0.4915
3255	0.6528	0.4914
3256	0.6527	0.4913
3257	0.6527	0.4913
3258	0.6526	0.4912
3259	0.6525	0.4911
3260	0.6525	0.4910
3261	0.6524	0.4910
3262	0.6524	0.4909
3263	0.6523	0.4908
3264	0.6523	0.4908
3265	0.6522	0.4907
3266	0.6521	0.4906
3267	0.6521	0.4906
3268	0.6520	0.4905
3269	0.6520	0.4904
3270	0.6519	0.4904
3271	0.6519	0.4903
3272	0.6518	0.4902
3273	0.6517	0.4902
3274	0.6517	0.4901
3275	0.6516	0.4900
3276	0.6516	0.4900
3277	0.6515	0.4899
3278	0.6515	0.4898
3279	0.6514	0.4897
3280	0.6513	0.4897
3281	0.6513	0.4896
3282	0.6512	0.4895
3283	0.6512	0.4895
3284	0.6511	0.4894
3285	0.6511	0.4893
3286	0.6510	0.4893
3287	0.6510	0.4892
3288	0.6509	0.4891
3289	0.6508	0.4891
3290	0.6508	0.4890
3291	0.6507	0.4889
3292	0.6507	0.4889
3293	0.6506	0.4888
3294	0.6506	0.4887
3295	0.6505	0.4887
3296	0.6504	0.4886
3297	0.6504	0.4885
3298	0.6503	0.4885
3299	0.6503	0.4884
3300	0.6502	0.4883
3301	0.6502	0.4883
3302	0.6501	0.4882
3303	0.6501	0.4881
3304	0.6500	0.4881
3305	0.6499	0.4880
3306	0.6499	0.4879
3307	0.6498	0.4878
3308	0.6498	0.4878
3309	0.6497	0.4877
3310	0.6497	0.4876
3311	0.6496	0.4876
3312	0.6495	0.4875
3313	0.6495	0.4874
3314	0.6494	0.4874
3315	0.6494	0.4873
3316	0.6493	0.4872
3317	0.6493	0.4872
3318	0.6492	0.4871
3319	0.6492	0.4870
3320	0.6491	0.4870
3321	0.6490	0.4869
3322	0.6490	0.4868
3323	0.6489	0.4868
3324	0.6489	0.4867
3325	0.6488	0.4866
3326	0.6488	0.4866
3327	0.6487	0.4865
3328	0.6487	0.4864
3329	0.6486	0.4864
3330	0.6485	0.4863
3331	0.6485	0.4862
3332	0.6484	0.4862
3333	0.6484	0.4861
3334	0.6483	0.4860
3335	0.6483	0.4860
3336	0.6482	0.4859
3337	0.6482	0.4858
3338	0.6481	0.4858
3339	0.6480	0.4857
3340	0.6480	0.4856
3341	0.6479	0.4856
3342	0.6479	0.4855
3343	0.6478	0.4854
3344	0.6478	0.4854
3345	0.6477	0.4853
3346	0.6477	0.4852
3347	0.6476	0.4852
3348	0.6475	0.4851
3349	0.6475	0.4850
3350	0.6474	0.4850
3351	0.6474	0.4849
3352	0.6473	0.4848
3353	0.6473	0.4848
3354	0.6472	0.4847
3355	0.6472	0.4846
3356	0.6471	0.4846
3357	0.6470	0.4845
3358	0.6470	0.4844
3359	0.6469	0.4844
3360	0.6469	0.4843
3361	0.6468	0.4842
3362	0.6468	0.4842
3363	0.6467	0.4841
3364	0.6467	0.4840
3365	0.6466	0.4840
3366	0.6465	0.4839
3367	0.6465	0.4838
3368	0.6464	0.4838
3369	0.6464	0.4837
3370	0.6463	0.4836
3371	0.6463	0.4836
3372	0.6462	0.4835
3373	0.6462	0.4834
3374	0.6461	0.4834
3375	0.6460	0.4833
3376	0.6460	0.4832
3377	0.6459	0.4832
3378	0.6459	0.4831
3379	0.6458	0.4830
3380	0.6458	0.4830
3381	0.6457	0.4829
3382	0.6457	0.4828
3383	0.6456	0.4828
3384	0.6456	0.4827
3385	0.6455	0.4826
3386	0.6454	0.4826
3387	0.6454	0.4825
3388	0.6453	0.4824
3389	0.6453	0.4824
3390	0.6452	0.4823
3391	0.6452	0.4822
3392	0.6451	0.4822
3393	0.6451	0.4821
3394	0.6450	0.4820
3395	0.6449	0.4820
3396	0.6449	0.4819
3397	0.6448	0.4818
3398	0.6448	0.4818
3399	0.6447	0.4817
3400	0.6447	0.4816
3401	0.6446	0.4816
3402	0.6446	0.4815
3403	0.6445	0.4814
3404	0.6445	0.4814
3405	0.6444	0.4813
3406	0.6443	0.4812
3407	0.6443	0.4812
3408	0.6442	0.4811
3409	0.6442	0.4811
3410	0.6441	0.4810
3411	0.6441	0.4809
3412	0.6440	0.4809
3413	0.6440	0.4808
3414	0.6439	0.4807
3415	0.6439	0.4807
3416	0.6438	0.4806
3417	0.6437	0.4805
3418	0.6437	0.4805
3419	0.6436	0.4804
3420	0.6436	0.4803
3421	0.6435	0.4803
3422	0.6435	0.4802
3423	0.6434	0.4801
3424	0.6434	0.4801
3425	0.6433	0.4800
3426	0.6433	0.4799
3427	0.6432	0.4799
3428	0.6431	0.4798
3429	0.6431	0.4797
3430	0.6430	0.4797
3431	0.6430	0.4796
3432	0.6429	0.4795
3433	0.6429	0.4795
3434	0.6428	0.4794
3435	0.6428	0.4793
3436	0.6427	0.4793
3437	0.6427	0.4792
3438	0.6426	0.4792
3439	0.6425	0.4791
3440	0.6425	0.4790
3441	0.6424	0.4790
3442	0.6424	0.4789
3443	0.6423	0.4788
3444	0.6423	0.4788
3445	0.6422	0.4787
3446	0.6422	0.4786
3447	0.6421	0.4786
3448	0.6421	0.4785
3449	0.6420	0.4784
3450	0.6420	0.4784
3451	0.6419	0.4783
3452	0.6418	0.4782
3453	0.6418	0.4782
3454	0.6417	0.4781
3455	0.6417	0.4780
3456	0.6416	0.4780
3457	0.6416	0.4779
3458	0.6415	0.4779
3459	0.6415	0.4778
3460	0.6414	0.4777
3461	0.6414	0.4777
3462	0.6413	0.4776
3463	0.6412	0.4775
3464	0.6412	0.4775
3465	0.6411	0.4774
3466	0.6411	0.4773
3467	0.6410	0.4773
3468	0.6410	0.4772
3469	0.6409	0.4771
3470	0.6409	0.4771
3471	0.6408	0.4770
3472	0.6408	0.4769
3473	0.6407	0.4769
3474	0.6407	0.4768
3475	0.6406	0.4768
3476	0.6406	0.4767
3477	0.6405	0.4766
3478	0.6404	0.4766
3479	0.6404	0.4765
3480	0.6403	0.4764
3481	0.6403	0.4764
3482	0.6402	0.4763
3483	0.6402	0.4762
3484	0.6401	0.4762
3485	0.6401	0.4761
3486	0.6400	0.4760
3487	0.6400	0.4760
3488	0.6399	0.4759
3489	0.6399	0.4758
3490	0.6398	0.4758
3491	0.6397	0.4757
3492	0.6397	0.4757
3493	0.6396	0.4756
3494	0.6396	0.4755
3495	0.6395	0.4755
3496	0.6395	0.4754
3497	0.6394	0.4753
3498	0.6394	0.4753
3499	0.6393	0.4752
3500	0.6393	0.4751
3501	0.6392	0.4751
3502	0.6392	0.4750
3503	0.6391	0.4749
3504	0.6391	0.4749
3505	0.6390	0.4748
3506	0.6389	0.4748
3507	0.6389	0.4747
3508	0.6388	0.4746
3509	0.6388	0.4746
3510	0.6387	0.4745
3511	0.6387	0.4744
3512	0.6386	0.4744
3513	0.6386	0.4743
3514	0.6385	0.4742
3515	0.6385	0.4742
3516	0.6384	0.4741
3517	0.6384	0.4741
3518	0.6383	0.4740
3519	0.6383	0.4739
3520	0.6382	0.4739
3521	0.6381	0.4738
3522	0.6381	0.4737
3523	0.6380	0.4737
3524	0.6380	0.4736
3525	0.6379	0.4735
3526	0.6379	0.4735
3527	0.6378	0.4734
3528	0.6378	0.4734
3529	0.6377	0.4733
3530	0.6377	0.4732
3531	0.6376	0.4732
3532	0.6376	0.4731
3533	0.6375	0.4730
3534	0.6375	0.4730
3535	0.6374	0.4729
3536	0.6374	0.4728
3537	0.6373	0.4728
3538	0.6372	0.4727
3539	0.6372	0.4727
3540	0.6371	0.4726
3541	0.6371	0.4725
3542	0.6370	0.4725
3543	0.6370	0.4724
3544	0.6369	0.4723
3545	0.6369	0.4723
3546	0.6368	0.4722
3547	0.6368	0.4721
3548	0.6367	0.4721
3549	0.6367	0.4720
3550	0.6366	0.4720
3551	0.6366	0.4719
3552	0.6365	0.4718
3553	0.6365	0.4718
3554	0.6364	0.4717
3555	0.6363	0.4716
3556	0.6363	0.4716
3557	0.6362	0.4715
3558	0.6362	0.4715
3559	0.6361	0.4714
3560	0.6361	0.4713
3561	0.6360	0.4713
3562	0.6360	0.4712
3563	0.6359	0.4711
3564	0.6359	0.4711
3565	0.6358	0.4710
3566	0.6358	0.4709
3567	0.6357	0.4709
3568	0.6357	0.4708
3569	0.6356	0.4708
3570	0.6356	0.4707
3571	0.6355	0.4706
3572	0.6355	0.4706
3573	0.6354	0.4705
3574	0.6354	0.4704
3575	0.6353	0.4704
3576	0.6352	0.4703
3577	0.6352	0.4703
3578	0.6351	0.4702
3579	0.6351	0.4701
3580	0.6350	0.4701
3581	0.6350	0.4700
3582	0.6349	0.4699
3583	0.6349	0.4699
3584	0.6348	0.4698
3585	0.6348	0.4698
3586	0.6347	0.4697
3587	0.6347	0.4696
3588	0.6346	0.4696
3589	0.6346	0.4695
3590	0.6345	0.4694
3591	0.6345	0.4694
3592	0.6344	0.4693
3593	0.6344	0.4693
3594	0.6343	0.4692
3595	0.6343	0.4691
3596	0.6342	0.4691
3597	0.6342	0.4690
3598	0.6341	0.4689
3599	0.6340	0.4689
3600	0.6340	0.4688
3601	0.6339	0.4688
3602	0.6339	0.4687
3603	0.6338	0.4686
3604	0.6338	0.4686
3605	0.6337	0.4685
3606	0.6337	0.4684
3607	0.6336	0.4684
3608	0.6336	0.4683
3609	0.6335	0.4683
3610	0.6335	0.4682
3611	0.6334	0.4681
3612	0.6334	0.4681
3613	0.6333	0.4680
3614	0.6333	0.4679
3615	0.6332	0.4679
3616	0.6332	0.4678
3617	0.6331	0.4678
3618	0.6331	0.4677
3619	0.6330	0.4676
3620	0.6330	0.4676
3621	0.6329	0.4675
3622	0.6329	0.4674
3623	0.6328	0.4674
3624	0.6327	0.4673
3625	0.6327	0.4673
3626	0.6326	0.4672
3627	0.6326	0.4671
3628	0.6325	0.4671
3629	0.6325	0.4670
3630	0.6324	0.4670
3631	0.6324	0.4669
3632	0.6323	0.4668
3633	0.6323	0.4668
3634	0.6322	0.4667
3635	0.6322	0.4666
3636	0.6321	0.4666
3637	0.6321	0.4665
3638	0.6320	0.4665
3639	0.6320	0.4664
3640	0.6319	0.4663
3641	0.6319	0.4663
3642	0.6318	0.4662
3643	0.6318	0.4661
3644	0.6317	0.4661
3645	0.6317	0.4660
3646	0.6316	0.4660
3647	0.6316	0.4659
3648	0.6315	0.4658
3649	0.6315	0.4658
3650	0.6314	0.4657
3651	0.6314	0.4657
3652	0.6313	0.4656
3653	0.6313	0.4655
3654	0.6312	0.4655
3655	0.6312	0.4654
3656	0.6311	0.4653
3657	0.6310	0.4653
3658	0.6310	0.4652
3659	0.6309	0.4652
3660	0.6309	0.4651
3661	0.6308	0.4650
3662	0.6308	0.4650
3663	0.6307	0.4649
3664	0.6307	0.4649
3665	0.6306	0.4648
3666	0.6306	0.4647
3667	0.6305	0.4647
3668	0.6305	0.4646
3669	0.6304	0.4645
3670	0.6304	0.4645
3671	0.6303	0.4644
3672	0.6303	0.4644
3673	0.6302	0.4643
3674	0.6302	0.4642
3675	0.6301	0.4642
3676	0.6301	0.4641
3677	0.6300	0.4641
3678	0.6300	0.4640
3679	0.6299	0.4639
3680	0.6299	0.4639
3681	0.6298	0.4638
3682	0.6298	0.4638
3683	0.6297	0.4637
3684	0.6297	0.4636
3685	0.6296	0.4636
3686	0.6296	0.4635
3687	0.6295	0.4635
3688	0.6295	0.4634
3689	0.6294	0.4633
3690	0.6294	0.4633
3691	0.6293	0.4632
3692	0.6293	0.4631
3693	0.6292	0.4631
3694	0.6292	0.4630
3695	0.6291	0.4630
3696	0.6291	0.4629
3697	0.6290	0.4628
3698	0.6290	0.4628
3699	0.6289	0.4627
3700	0.6289	0.4627
3701	0.6288	0.4626
3702	0.6288	0.4625
3703	0.6287	0.4625
3704	0.6287	0.4624
3705	0.6286	0.4624
3706	0.6286	0.4623
3707	0.6285	0.4622
3708	0.6285	0.4622
3709	0.6284	0.4621
3710	0.6283	0.4621
3711	0.6283	0.4620
3712	0.6282	0.4619
3713	0.6282	0.4619
3714	0.6281	0.4618
3715	0.6281	0.4618
3716	0.6280	0.4617
3717	0.6280	0.4616
3718	0.6279	0.4616
3719	0.6279	0.4615
3720	0.6278	0.4614
3721	0.6278	0.4614
3722	0.6277	0.4613
3723	0.6277	0.4613
3724	0.6276	0.4612
3725	0.6276	0.4611
3726	0.6275	0.4611
3727	0.6275	0.4610
3728	0.6274	0.4610
3729	0.6274	0.4609
3730	0.6273	0.4608
3731	0.6273	0.4608
3732	0.6272	0.4607
3733	0.6272	0.4607
3734	0.6271	0.4606
3735	0.6271	0.4605
3736	0.6270	0.4605
3737	0.6270	0.4604
3738	0.6269	0.4604
3739	0.6269	0.4603
3740	0.6268	0.4602
3741	0.6268	0.4602
3742	0.6267	0.4601
3743	0.6267	0.4601
3744	0.6266	0.4600
3745	0.6266	0.4599
3746	0.6265	0.4599
3747	0.6265	0.4598
3748	0.6264	0.4598
3749	0.6264	0.4597
3750	0.6263	0.4596
3751	0.6263	0.4596
3752	0.6262	0.4595
3753	0.6262	0.4595
3754	0.6261	0.4594
3755	0.6261	0.4593
3756	0.6260	0.4593
3757	0.6260	0.4592
3758	0.6259	0.4592
3759	0.6259	0.4591
3760	0.6258	0.4590
3761	0.6258	0.4590
3762	0.6257	0.4589
3763	0.6257	0.4589
3764	0.6256	0.4588
3765	0.6256	0.4587
3766	0.6255	0.4587
3767	0.6255	0.4586
3768	0.6254	0.4586
3769	0.6254	0.4585
3770	0.6253	0.4584
3771	0.6253	0.4584
3772	0.6252	0.4583
3773	0.6252	0.4583
3774	0.6251	0.4582
3775	0.6251	0.4582
3776	0.6250	0.4581
3777	0.6250	0.4580
3778	0.6249	0.4580
3779	0.6249	0.4579
3780	0.6248	0.4579
3781	0.6248	0.4578
3782	0.6247	0.4577
3783	0.6247	0.4577
3784	0.6246	0.4576
3785	0.6246	0.4576
3786	0.6245	0.4575
3787	0.6245	0.4574
3788	0.6244	0.4574
3789	0.6244	0.4573
3790	0.6243	0.4573
3791	0.6243	0.4572
3792	0.6242	0.4571
3793	0.6242	0.4571
3794	0.6241	0.4570
3795	0.6241	0.4570
3796	0.6240	0.4569
3797	0.6240	0.4568
3798	0.6239	0.4568
3799	0.6239	0.4567
3800	0.6238	0.4567
3801	0.6238	0.4566
3802	0.6237	0.4566
3803	0.6237	0.4565
3804	0.6236	0.4564
3805	0.6236	0.4564
3806	0.6236	0.4563
3807	0.6235	0.4563
3808	0.6235	0.4562
3809	0.6234	0.4561
3810	0.6234	0.4561
3811	0.6233	0.4560
3812	0.6233	0.4560
3813	0.6232	0.4559
3814	0.6232	0.4558
3815	0.6231	0.4558
3816	0.6231	0.4557
3817	0.6230	0.4557
3818	0.6230	0.4556
3819	0.6229	0.4555
3820	0.6229	0.4555
3821	0.6228	0.4554
3822	0.6228	0.4554
3823	0.6227	0.4553
3824	0.6227	0.4553
3825	0.6226	0.4552
3826	0.6226	0.4551
3827	0.6225	0.4551
3828	0.6225	0.4550
3829	0.6224	0.4550
3830	0.6224	0.4549
3831	0.6223	0.4548
3832	0.6223	0.4548
3833	0.6222	0.4547
3834	0.6222	0.4547
3835	0.6221	0.4546
3836	0.6221	0.4546
3837	0.6220	0.4545
3838	0.6220	0.4544
3839	0.6219	0.4544
3840	0.6219	0.4543
3841	0.6218	0.4543
3842	0.6218	0.4542
3843	0.6217	0.4541
3844	0.6217	0.4541
3845	0.6216	0.4540
3846	0.6216	0.4540
3847	0.6215	0.4539
3848	0.6215	0.4539
3849	0.6214	0.4538
3850	0.6214	0.4537
3851	0.6213	0.4537
3852	0.6213	0.4536
3853	0.6212	0.4536
3854	0.6212	0.4535
3855	0.6211	0.4534
3856	0.6211	0.4534
3857	0.6210	0.4533
3858	0.6210	0.4533
3859	0.6209	0.4532
3860	0.6209	0.4532
3861	0.6209	0.4531
3862	0.6208	0.4530
3863	0.6208	0.4530
3864	0.6207	0.4529
3865	0.6207	0.4529
3866	0.6206	0.4528
3867	0.6206	0.4527
3868	0.6205	0.4527
3869	0.6205	0.4526
3870	0.6204	0.4526
3871	0.6204	0.4525
3872	0.6203	0.4525
3873	0.6203	0.4524
3874	0.6202	0.4523
3875	0.6202	0.4523
3876	0.6201	0.4522
3877	0.6201	0.4522
3878	0.6200	0.4521
3879	0.6200	0.4521
3880	0.6199	0.4520
3881	0.6199	0.4519
3882	0.6198	0.4519
3883	0.6198	0.4518
3884	0.6197	0.4518
3885	0.6197	0.4517
3886	0.6196	0.4516
3887	0.6196	0.4516
3888	0.6195	0.4515
3889	0.6195	0.4515
3890	0.6194	0.4514
3891	0.6194	0.4514
3892	0.6193	0.4513
3893	0.6193	0.4512
3894	0.6193	0.4512
3895	0.6192	0.4511
3896	0.6192	0.4511
3897	0.6191	0.4510
3898	0.6191	0.4510
3899	0.6190	0.4509
3900	0.6190	0.4508
3901	0.6189	0.4508
3902	0.6189	0.4507
3903	0.6188	0.4507
3904	0.6188	0.4506
3905	0.6187	0.4506
3906	0.6187	0.4505
3907	0.6186	0.4504
3908	0.6186	0.4504
3909	0.6185	0.4503
3910	0.6185	0.4503
3911	0.6184	0.4502
3912	0.6184	0.4502
3913	0.6183	0.4501
3914	0.6183	0.4500
3915	0.6182	0.4500
3916	0.6182	0.4499
3917	0.6181	0.4499
3918	0.6181	0.4498
3919	0.6180	0.4497
3920	0.6180	0.4497
3921	0.6180	0.4496
3922	0.6179	0.4496
3923	0.6179	0.4495
3924	0.6178	0.4495
3925	0.6178	0.4494
3926	0.6177	0.4493
3927	0.6177	0.4493
3928	0.6176	0.4492
3929	0.6176	0.4492
3930	0.6175	0.4491
3931	0.6175	0.4491
3932	0.6174	0.4490
3933	0.6174	0.4490
3934	0.6173	0.4489
3935	0.6173	0.4488
3936	0.6172	0.4488
3937	0.6172	0.4487
3938	0.6171	0.4487
3939	0.6171	0.4486
3940	0.6170	0.4486
3941	0.6170	0.4485
3942	0.6169	0.4484
3943	0.6169	0.4484
3944	0.6169	0.4483
3945	0.6168	0.4483
3946	0.6168	0.4482
3947	0.6167	0.4482
3948	0.6167	0.4481
3949	0.6166	0.4480
3950	0.6166	0.4480
3951	0.6165	0.4479
3952	0.6165	0.4479
3953	0.6164	0.4478
3954	0.6164	0.4478
3955	0.6163	0.4477
3956	0.6163	0.4476
3957	0.6162	0.4476
3958	0.6162	0.4475
3959	0.6161	0.4475
3960	0.6161	0.4474
3961	0.6160	0.4474
3962	0.6160	0.4473
3963	0.6159	0.4472
3964	0.6159	0.4472
3965	0.6159	0.4471
3966	0.6158	0.4471
3967	0.6158	0.4470
3968	0.6157	0.4470
3969	0.6157	0.4469
3970	0.6156	0.4469
3971	0.6156	0.4468
3972	0.6155	0.4467
3973	0.6155	0.4467
3974	0.6154	0.4466
3975	0.6154	0.4466
3976	0.6153	0.4465
3977	0.6153	0.4465
3978	0.6152	0.4464
3979	0.6152	0.4463
3980	0.6151	0.4463
3981	0.6151	0.4462
3982	0.6150	0.4462
3983	0.6150	0.4461
3984	0.6150	0.4461
3985	0.6149	0.4460
3986	0.6149	0.4460
3987	0.6148	0.4459
3988	0.6148	0.4458
3989	0.6147	0.4458
3990	0.6147	0.4457
3991	0.6146	0.4457
3992	0.6146	0.4456
3993	0.6145	0.4456
3994	0.6145	0.4455
3995	0.6144	0.4454
3996	0.6144	0.4454
3997	0.6143	0.4453
3998	0.6143	0.4453
3999	0.6142	0.4452
4000	0.6142	0.4452
4001	0.6142	0.4451
4002	0.6141	0.4451
4003	0.6141	0.4450
4004	0.6140	0.4449
4005	0.6140	0.4449
4006	0.6139	0.4448
4007	0.6139	0.4448
4008	0.6138	0.4447
4009	0.6138	0.4447
4010	0.6137	0.4446
4011	0.6137	0.4446
4012	0.6136	0.4445
4013	0.6136	0.4444
4014	0.6135	0.4444
4015	0.6135	0.4443
4016	0.6134	0.4443
4017	0.6134	0.4442
4018	0.6134	0.4442
4019	0.6133	0.4441
4020	0.6133	0.4441
4021	0.6132	0.4440
4022	0.6132	0.4439
4023	0.6131	0.4439
4024	0.6131	0.4438
4025	0.6130	0.4438
4026	0.6130	0.4437
4027	0.6129	0.4437
4028	0.6129	0.4436
4029	0.6128	0.4436
4030	0.6128	0.4435
4031	0.6127	0.4434
4032	0.6127	0.4434
4033	0.6127	0.4433
4034	0.6126	0.4433
4035	0.6126	0.4432
4036	0.6125	0.4432
4037	0.6125	0.4431
4038	0.6124	0.4431
4039	0.6124	0.4430
4040	0.6123	0.4429
4041	0.6123	0.4429
4042	0.6122	0.4428
4043	0.6122	0.4428
4044	0.6121	0.4427
4045	0.6121	0.4427
4046	0.6120	0.4426
4047	0.6120	0.4426
4048	0.6120	0.4425
4049	0.6119	0.4424
4050	0.6119	0.4424
4051	0.6118	0.4423
4052	0.6118	0.4423
4053	0.6117	0.4422
4054	0.6117	0.4422
4055	0.6116	0.4421
4056	0.6116	0.4421
4057	0.6115	0.4420
4058	0.6115	0.4419
4059	0.6114	0.4419
4060	0.6114	0.4418
4061	0.6114	0.4418
4062	0.6113	0.4417
4063	0.6113	0.4417
4064	0.6112	0.4416
4065	0.6112	0.4416
4066	0.6111	0.4415
4067	0.6111	0.4415
4068	0.6110	0.4414
4069	0.6110	0.4413
4070	0.6109	0.4413
4071	0.6109	0.4412
4072	0.6108	0.4412
4073	0.6108	0.4411
4074	0.6107	0.4411
4075	0.6107	0.4410
4076	0.6107	0.4410
4077	0.6106	0.4409
4078	0.6106	0.4408
4079	0.6105	0.4408
4080	0.6105	0.4407
4081	0.6104	0.4407
4082	0.6104	0.4406
4083	0.6103	0.4406
4084	0.6103	0.4405
4085	0.6102	0.4405
4086	0.6102	0.4404
4087	0.6101	0.4404
4088	0.6101	0.4403
4089	0.6101	0.4402
4090	0.6100	0.4402
4091	0.6100	0.4401
4092	0.6099	0.4401
4093	0.6099	0.4400
4094	0.6098	0.4400
4095	0.6098	0.4399
4096	0.6097	0.4399
4097	0.6097	0.4398
4098	0.6096	0.4398
4099	0.6096	0.4397
4100	0.6096	0.4396
4101	0.6095	0.4396
4102	0.6095	0.4395
4103	0.6094	0.4395
4104	0.6094	0.4394
4105	0.6093	0.4394
4106	0.6093	0.4393
4107	0.6092	0.4393
4108	0.6092	0.4392
4109	0.6091	0.4392
4110	0.6091	0.4391
4111	0.6090	0.4390
4112	0.6090	0.4390
4113	0.6090	0.4389
4114	0.6089	0.4389
4115	0.6089	0.4388
4116	0.6088	0.4388
4117	0.6088	0.4387
4118	0.6087	0.4387
4119	0.6087	0.4386
4120	0.6086	0.4386
4121	0.6086	0.4385
4122	0.6085	0.4385
4123	0.6085	0.4384
4124	0.6085	0.4383
4125	0.6084	0.4383
4126	0.6084	0.4382
4127	0.6083	0.4382
4128	0.6083	0.4381
4129	0.6082	0.4381
4130	0.6082	0.4380
4131	0.6081	0.4380
4132	0.6081	0.4379
4133	0.6080	0.4379
4134	0.6080	0.4378
4135	0.6080	0.4378
4136	0.6079	0.4377
4137	0.6079	0.4376
4138	0.6078	0.4376
4139	0.6078	0.4375
4140	0.6077	0.4375
4141	0.6077	0.4374
4142	0.6076	0.4374
4143	0.6076	0.4373
4144	0.6075	0.4373
4145	0.6075	0.4372
4146	0.6075	0.4372
4147	0.6074	0.4371
4148	0.6074	0.4371
4149	0.6073	0.4370
4150	0.6073	0.4369
4151	0.6072	0.4369
4152	0.6072	0.4368
4153	0.6071	0.4368
4154	0.6071	0.4367
4155	0.6070	0.4367
4156	0.6070	0.4366
4157	0.6070	0.4366
4158	0.6069	0.4365
4159	0.6069	0.4365
4160	0.6068	0.4364
4161	0.6068	0.4364
4162	0.6067	0.4363
4163	0.6067	0.4362
4164	0.6066	0.4362
4165	0.6066	0.4361
4166	0.6065	0.4361
4167	0.6065	0.4360
4168	0.6065	0.4360
4169	0.6064	0.4359
4170	0.6064	0.4359
4171	0.6063	0.4358
4172	0.6063	0.4358
4173	0.6062	0.4357
4174	0.6062	0.4357
4175	0.6061	0.4356
4176	0.6061	0.4356
4177	0.6061	0.4355
4178	0.6060	0.4354
4179	0.6060	0.4354
4180	0.6059	0.4353
4181	0.6059	0.4353
4182	0.6058	0.4352
4183	0.6058	0.4352
4184	0.6057	0.4351
4185	0.6057	0.4351
4186	0.6056	0.4350
4187	0.6056	0.4350
4188	0.6056	0.4349
4189	0.6055	0.4349
4190	0.6055	0.4348
4191	0.6054	0.4348
4192	0.6054	0.4347
4193	0.6053	0.4346
4194	0.6053	0.4346
4195	0.6052	0.4345
4196	0.6052	0.4345
4197	0.6052	0.4344
4198	0.6051	0.4344
4199	0.6051	0.4343
4200	0.6050	0.4343
4201	0.6050	0.4342
4202	0.6049	0.4342
4203	0.6049	0.4341
4204	0.6048	0.4341
4205	0.6048	0.4340
4206	0.6048	0.4340
4207	0.6047	0.4339
4208	0.6047	0.4339
4209	0.6046	0.4338
4210	0.6046	0.4337
4211	0.6045	0.4337
4212	0.6045	0.4336
4213	0.6044	0.4336
4214	0.6044	0.4335
4215	0.6043	0.4335
4216	0.6043	0.4334
4217	0.6043	0.4334
4218	0.6042	0.4333
4219	0.6042	0.4333
4220	0.6041	0.4332
4221	0.6041	0.4332
4222	0.6040	0.4331
4223	0.6040	0.4331
4224	0.6039	0.4330
4225	0.6039	0.4330
4226	0.6039	0.4329
4227	0.6038	0.4329
4228	0.6038	0.4328
4229	0.6037	0.4327
4230	0.6037	0.4327
4231	0.6036	0.4326
4232	0.6036	0.4326
4233	0.6035	0.4325
4234	0.6035	0.4325
4235	0.6035	0.4324
4236	0.6034	0.4324
4237	0.6034	0.4323
4238	0.6033	0.4323
4239	0.6033	0.4322
4240	0.6032	0.4322
4241	0.6032	0.4321
4242	0.6031	0.4321
4243	0.6031	0.4320
4244	0.6031	0.4320
4245	0.6030	0.4319
4246	0.6030	0.4319
4247	0.6029	0.4318
4248	0.6029	0.4317
4249	0.6028	0.4317
4250	0.6028	0.4316
4251	0.6028	0.4316
4252	0.6027	0.4315
4253	0.6027	0.4315
4254	0.6026	0.4314
4255	0.6026	0.4314
4256	0.6025	0.4313
4257	0.6025	0.4313
4258	0.6024	0.4312
4259	0.6024	0.4312
4260	0.6024	0.4311
4261	0.6023	0.4311
4262	0.6023	0.4310
4263	0.6022	0.4310
4264	0.6022	0.4309
4265	0.6021	0.4309
4266	0.6021	0.4308
4267	0.6020	0.4308
4268	0.6020	0.4307
4269	0.6020	0.4307
4270	0.6019	0.4306
4271	0.6019	0.4306
4272	0.6018	0.4305
4273	0.6018	0.4304
4274	0.6017	0.4304
4275	0.6017	0.4303
4276	0.6016	0.4303
4277	0.6016	0.4302
4278	0.6016	0.4302
4279	0.6015	0.4301
4280	0.6015	0.4301
4281	0.6014	0.4300
4282	0.6014	0.4300
4283	0.6013	0.4299
4284	0.6013	0.4299
4285	0.6013	0.4298
4286	0.6012	0.4298
4287	0.6012	0.4297
4288	0.6011	0.4297
4289	0.6011	0.4296
4290	0.6010	0.4296
4291	0.6010	0.4295
4292	0.6009	0.4295
4293	0.6009	0.4294
4294	0.6009	0.4294
4295	0.6008	0.4293
4296	0.6008	0.4293
4297	0.6007	0.4292
4298	0.6007	0.4292
4299	0.6006	0.4291
4300	0.6006	0.4290
4301	0.6006	0.4290
4302	0.6005	0.4289
4303	0.6005	0.4289
4304	0.6004	0.4288
4305	0.6004	0.4288
4306	0.6003	0.4287
4307	0.6003	0.4287
4308	0.6002	0.4286
4309	0.6002	0.4286
4310	0.6002	0.4285
4311	0.6001	0.4285
4312	0.6001	0.4284
4313	0.6000	0.4284
4314	0.6000	0.4283
4315	0.5999	0.4283
4316	0.5999	0.4282
4317	0.5999	0.4282
4318	0.5998	0.4281
4319	0.5998	0.4281
4320	0.5997	0.4280
4321	0.5997	0.4280
4322	0.5996	0.4279
4323	0.5996	0.4279
4324	0.5996	0.4278
4325	0.5995	0.4278
4326	0.5995	0.4277
4327	0.5994	0.4277
4328	0.5994	0.4276
4329	0.5993	0.4276
4330	0.5993	0.4275
4331	0.5992	0.4275
4332	0.5992	0.4274
4333	0.5992	0.4274
4334	0.5991	0.4273
4335	0.5991	0.4273
4336	0.5990	0.4272
4337	0.5990	0.4272
4338	0.5989	0.4271
4339	0.5989	0.4270
4340	0.5989	0.4270
4341	0.5988	0.4269
4342	0.5988	0.4269
4343	0.5987	0.4268
4344	0.5987	0.4268
4345	0.5986	0.4267
4346	0.5986	0.4267
4347	0.5986	0.4266
4348	0.5985	0.4266
4349	0.5985	0.4265
4350	0.5984	0.4265
4351	0.5984	0.4264
4352	0.5983	0.4264
4353	0.5983	0.4263
4354	0.5983	0.4263
4355	0.5982	0.4262
4356	0.5982	0.4262
4357	0.5981	0.4261
4358	0.5981	0.4261
4359	0.5980	0.4260
4360	0.5980	0.4260
4361	0.5980	0.4259
4362	0.5979	0.4259
4363	0.5979	0.4258
4364	0.5978	0.4258
4365	0.5978	0.4257
4366	0.5977	0.4257
4367	0.5977	0.4256
4368	0.5977	0.4256
4369	0.5976	0.4255
4370	0.5976	0.4255
4371	0.5975	0.4254
4372	0.5975	0.4254
4373	0.5974	0.4253
4374	0.5974	0.4253
4375	0.5974	0.4252
4376	0.5973	0.4252
4377	0.5973	0.4251
4378	0.5972	0.4251
4379	0.5972	0.4250
4380	0.5971	0.4250
4381	0.5971	0.4249
4382	0.5971	0.4249
4383	0.5970	0.4248
4384	0.5970	0.4248
4385	0.5969	0.4247
4386	0.5969	0.4247
4387	0.5968	0.4246
4388	0.5968	0.4246
4389	0.5968	0.4245
4390	0.5967	0.4245
4391	0.5967	0.4244
4392	0.5966	0.4244
4393	0.5966	0.4243
4394	0.5965	0.4243
4395	0.5965	0.4242
4396	0.5965	0.4242
4397	0.5964	0.4241
4398	0.5964	0.4241
4399	0.5963	0.4240
4400	0.5963	0.4240
4401	0.5962	0.4239
4402	0.5962	0.4239
4403	0.5962	0.4238
4404	0.5961	0.4238
4405	0.5961	0.4237
4406	0.5960	0.4237
4407	0.5960	0.4236
4408	0.5959	0.4236
4409	0.5959	0.4235
4410	0.5959	0.4235
4411	0.5958	0.4234
4412	0.5958	0.4234
4413	0.5957	0.4233
4414	0.5957	0.4233
4415	0.5956	0.4232
4416	0.5956	0.4232
4417	0.5956	0.4231
4418	0.5955	0.4231
4419	0.5955	0.4230
4420	0.5954	0.4230
4421	0.5954	0.4229
4422	0.5953	0.4229
4423	0.5953	0.4228
4424	0.5953	0.4228
4425	0.5952	0.4227
4426	0.5952	0.4227
4427	0.5951	0.4226
4428	0.5951	0.4226
4429	0.5951	0.4225
4430	0.5950	0.4225
4431	0.5950	0.4224
4432	0.5949	0.4224
4433	0.5949	0.4223
4434	0.5948	0.4223
4435	0.5948	0.4222
4436	0.5948	0.4222
4437	0.5947	0.4221
4438	0.5947	0.4221
4439	0.5946	0.4220
4440	0.5946	0.4220
4441	0.5945	0.4219
4442	0.5945	0.4219
4443	0.5945	0.4218
4444	0.5944	0.4218
4445	0.5944	0.4217
4446	0.5943	0.4217
4447	0.5943	0.4216
4448	0.5942	0.4216
4449	0.5942	0.4215
4450	0.5942	0.4215
4451	0.5941	0.4214
4452	0.5941	0.4214
4453	0.5940	0.4213
4454	0.5940	0.4213
4455	0.5940	0.4212
4456	0.5939	0.4212
4457	0.5939	0.4211
4458	0.5938	0.4211
4459	0.5938	0.4210
4460	0.5937	0.4210
4461	0.5937	0.4209
4462	0.5937	0.4209
4463	0.5936	0.4208
4464	0.5936	0.4208
4465	0.5935	0.4207
4466	0.5935	0.4207
4467	0.5934	0.4206
4468	0.5934	0.4206
4469	0.5934	0.4205
4470	0.5933	0.4205
4471	0.5933	0.4204
4472	0.5932	0.4204
4473	0.5932	0.4203
4474	0.5932	0.4203
4475	0.5931	0.4202
4476	0.5931	0.4202
4477	0.5930	0.4201
4478	0.5930	0.4201
4479	0.5929	0.4200
4480	0.5929	0.4200
4481	0.5929	0.4199
4482	0.5928	0.4199
4483	0.5928	0.4198
4484	0.5927	0.4198
4485	0.5927	0.4197
4486	0.5927	0.4197
4487	0.5926	0.4196
4488	0.5926	0.4196
4489	0.5925	0.4196
4490	0.5925	0.4195
4491	0.5924	0.4195
4492	0.5924	0.4194
4493	0.5924	0.4194
4494	0.5923	0.4193
4495	0.5923	0.4193
4496	0.5922	0.4192
4497	0.5922	0.4192
4498	0.5922	0.4191
4499	0.5921	0.4191
4500	0.5921	0.4190
4501	0.5920	0.4190
4502	0.5920	0.4189
4503	0.5919	0.4189
4504	0.5919	0.4188
4505	0.5919	0.4188
4506	0.5918	0.4187
4507	0.5918	0.4187
4508	0.5917	0.4186
4509	0.5917	0.4186
4510	0.5917	0.4185
4511	0.5916	0.4185
4512	0.5916	0.4184
4513	0.5915	0.4184
4514	0.5915	0.4183
4515	0.5914	0.4183
4516	0.5914	0.4182
4517	0.5914	0.4182
4518	0.5913	0.4181
4519	0.5913	0.4181
4520	0.5912	0.4180
4521	0.5912	0.4180
4522	0.5912	0.4179
4523	0.5911	0.4179
4524	0.5911	0.4178
4525	0.5910	0.4178
4526	0.5910	0.4177
4527	0.5910	0.4177
4528	0.5909	0.4177
4529	0.5909	0.4176
4530	0.5908	0.4176
4531	0.5908	0.4175
4532	0.5907	0.4175
4533	0.5907	0.4174
4534	0.5907	0.4174
4535	0.5906	0.4173
4536	0.5906	0.4173
4537	0.5905	0.4172
4538	0.5905	0.4172
4539	0.5905	0.4171
4540	0.5904	0.4171
4541	0.5904	0.4170
4542	0.5903	0.4170
4543	0.5903	0.4169
4544	0.5903	0.4169
4545	0.5902	0.4168
4546	0.5902	0.4168
4547	0.5901	0.4167
4548	0.5901	0.4167
4549	0.5900	0.4166
4550	0.5900	0.4166
4551	0.5900	0.4165
4552	0.5899	0.4165
4553	0.5899	0.4164
4554	0.5898	0.4164
4555	0.5898	0.4163
4556	0.5898	0.4163
4557	0.5897	0.4163
4558	0.5897	0.4162
4559	0.5896	0.4162
4560	0.5896	0.4161
4561	0.5896	0.4161
4562	0.5895	0.4160
4563	0.5895	0.4160
4564	0.5894	0.4159
4565	0.5894	0.4159
4566	0.5893	0.4158
4567	0.5893	0.4158
4568	0.5893	0.4157
4569	0.5892	0.4157
4570	0.5892	0.4156
4571	0.5891	0.4156
4572	0.5891	0.4155
4573	0.5891	0.4155
4574	0.5890	0.4154
4575	0.5890	0.4154
4576	0.5889	0.4153
4577	0.5889	0.4153
4578	0.5889	0.4152
4579	0.5888	0.4152
4580	0.5888	0.4151
4581	0.5887	0.4151
4582	0.5887	0.4151
4583	0.5887	0.4150
4584	0.5886	0.4150
4585	0.5886	0.4149
4586	0.5885	0.4149
4587	0.5885	0.4148
4588	0.5884	0.4148
4589	0.5884	0.4147
4590	0.5884	0.4147
4591	0.5883	0.4146
4592	0.5883	0.4146
4593	0.5882	0.4145
4594	0.5882	0.4145
4595	0.5882	0.4144
4596	0.5881	0.4144
4597	0.5881	0.4143
4598	0.5880	0.4143
4599	0.5880	0.4142
4600	0.5880	0.4142
4601	0.5879	0.4141
4602	0.5879	0.4141
4603	0.5878	0.4141
4604	0.5878	0.4140
4605	0.5878	0.4140
4606	0.5877	0.4139
4607	0.5877	0.4139
4608	0.5876	0.4138
4609	0.5876	0.4138
4610	0.5876	0.4137
4611	0.5875	0.4137
4612	0.5875	0.4136
4613	0.5874	0.4136
4614	0.5874	0.4135
4615	0.5874	0.4135
4616	0.5873	0.4134
4617	0.5873	0.4134
4618	0.5872	0.4133
4619	0.5872	0.4133
4620	0.5872	0.4132
4621	0.5871	0.4132
4622	0.5871	0.4132
4623	0.5870	0.4131
4624	0.5870	0.4131
4625	0.5869	0.4130
4626	0.5869	0.4130
4627	0.5869	0.4129
4628	0.5868	0.4129
4629	0.5868	0.4128
4630	0.5867	0.4128
4631	0.5867	0.4127
4632	0.5867	0.4127
4633	0.5866	0.4126
4634	0.5866	0.4126
4635	0.5865	0.4125
4636	0.5865	0.4125
4637	0.5865	0.4124
4638	0.5864	0.4124
4639	0.5864	0.4124
4640	0.5863	0.4123
4641	0.5863	0.4123
4642	0.5863	0.4122
4643	0.5862	0.4122
4644	0.5862	0.4121
4645	0.5861	0.4121
4646	0.5861	0.4120
4647	0.5861	0.4120
4648	0.5860	0.4119
4649	0.5860	0.4119
4650	0.5859	0.4118
4651	0.5859	0.4118
4652	0.5859	0.4117
4653	0.5858	0.4117
4654	0.5858	0.4116
4655	0.5857	0.4116
4656	0.5857	0.4116
4657	0.5857	0.4115
4658	0.5856	0.4115
4659	0.5856	0.4114
4660	0.5855	0.4114
4661	0.5855	0.4113
4662	0.5855	0.4113
4663	0.5854	0.4112
4664	0.5854	0.4112
4665	0.5853	0.4111
4666	0.5853	0.4111
4667	0.5853	0.4110
4668	0.5852	0.4110
4669	0.5852	0.4109
4670	0.5851	0.4109
4671	0.5851	0.4109
4672	0.5851	0.4108
4673	0.5850	0.4108
4674	0.5850	0.4107
4675	0.5849	0.4107
4676	0.5849	0.4106
4677	0.5849	0.4106
4678	0.5848	0.4105
4679	0.5848	0.4105
4680	0.5847	0.4104
4681	0.5847	0.4104
4682	0.5847	0.4103
4683	0.5846	0.4103
4684	0.5846	0.4103
4685	0.5845	0.4102
4686	0.5845	0.4102
4687	0.5845	0.4101
4688	0.5844	0.4101
4689	0.5844	0.4100
4690	0.5843	0.4100
4691	0.5843	0.4099
4692	0.5843	0.4099
4693	0.5842	0.4098
4694	0.5842	0.4098
4695	0.5841	0.4097
4696	0.5841	0.4097
4697	0.5841	0.4096
4698	0.5840	0.4096
4699	0.5840	0.4096
4700	0.5839	0.4095
4701	0.5839	0.4095
4702	0.5839	0.4094
4703	0.5838	0.4094
4704	0.5838	0.4093
4705	0.5838	0.4093
4706	0.5837	0.4092
4707	0.5837	0.4092
4708	0.5836	0.4091
4709	0.5836	0.4091
4710	0.5836	0.4090
4711	0.5835	0.4090
4712	0.5835	0.4090
4713	0.5834	0.4089
4714	0.5834	0.4089
4715	0.5834	0.4088
4716	0.5833	0.4088
4717	0.5833	0.4087
4718	0.5832	0.4087
4719	0.5832	0.4086
4720	0.5832	0.4086
4721	0.5831	0.4085
4722	0.5831	0.4085
4723	0.5830	0.4084
4724	0.5830	0.4084
4725	0.5830	0.4084
4726	0.5829	0.4083
4727	0.5829	0.4083
4728	0.5828	0.4082
4729	0.5828	0.4082
4730	0.5828	0.4081
4731	0.5827	0.4081
4732	0.5827	0.4080
4733	0.5826	0.4080
4734	0.5826	0.4079
4735	0.5826	0.4079
4736	0.5825	0.4079
4737	0.5825	0.4078
4738	0.5824	0.4078
4739	0.5824	0.4077
4740	0.5824	0.4077
4741	0.5823	0.4076
4742	0.5823	0.4076
4743	0.5823	0.4075
4744	0.5822	0.4075
4745	0.5822	0.4074
4746	0.5821	0.4074
4747	0.5821	0.4074
4748	0.5821	0.4073
4749	0.5820	0.4073
4750	0.5820	0.4072
4751	0.5819	0.4072
4752	0.5819	0.4071
4753	0.5819	0.4071
4754	0.5818	0.4070
4755	0.5818	0.4070
4756	0.5817	0.4069
4757	0.5817	0.4069
4758	0.5817	0.4068
4759	0.5816	0.4068
4760	0.5816	0.4068
4761	0.5815	0.4067
4762	0.5815	0.4067
4763	0.5815	0.4066
4764	0.5814	0.4066
4765	0.5814	0.4065
4766	0.5814	0.4065
4767	0.5813	0.4064
4768	0.5813	0.4064
4769	0.5812	0.4063
4770	0.5812	0.4063
4771	0.5812	0.4063
4772	0.5811	0.4062
4773	0.5811	0.4062
4774	0.5810	0.4061
4775	0.5810	0.4061
4776	0.5810	0.4060
4777	0.5809	0.4060
4778	0.5809	0.4059
4779	0.5808	0.4059
4780	0.5808	0.4059
4781	0.5808	0.4058
4782	0.5807	0.4058
4783	0.5807	0.4057
4784	0.5807	0.4057
4785	0.5806	0.4056
4786	0.5806	0.4056
4787	0.5805	0.4055
4788	0.5805	0.4055
4789	0.5805	0.4054
4790	0.5804	0.4054
4791	0.5804	0.4054
4792	0.5803	0.4053
4793	0.5803	0.4053
4794	0.5803	0.4052
4795	0.5802	0.4052
4796	0.5802	0.4051
4797	0.5801	0.4051
4798	0.5801	0.4050
4799	0.5801	0.4050
4800	0.5800	0.4049
4801	0.5800	0.4049
4802	0.5800	0.4049
4803	0.5799	0.4048
4804	0.5799	0.4048
4805	0.5798	0.4047
4806	0.5798	0.4047
4807	0.5798	0.4046
4808	0.5797	0.4046
4809	0.5797	0.4045
4810	0.5796	0.4045
4811	0.5796	0.4045
4812	0.5796	0.4044
4813	0.5795	0.4044
4814	0.5795	0.4043
4815	0.5795	0.4043
4816	0.5794	0.4042
4817	0.5794	0.4042
4818	0.5793	0.4041
4819	0.5793	0.4041
4820	0.5793	0.4041
4821	0.5792	0.4040
4822	0.5792	0.4040
4823	0.5791	0.4039
4824	0.5791	0.4039
4825	0.5791	0.4038
4826	0.5790	0.4038
4827	0.5790	0.4037
4828	0.5789	0.4037
4829	0.5789	0.4036
4830	0.5789	0.4036
4831	0.5788	0.4036
4832	0.5788	0.4035
4833	0.5788	0.4035
4834	0.5787	0.4034
4835	0.5787	0.4034
4836	0.5786	0.4033
4837	0.5786	0.4033
4838	0.5786	0.4032
4839	0.5785	0.4032
4840	0.5785	0.4032
4841	0.5785	0.4031
4842	0.5784	0.4031
4843	0.5784	0.4030
4844	0.5783	0.4030
4845	0.5783	0.4029
4846	0.5783	0.4029
4847	0.5782	0.4028
4848	0.5782	0.4028
4849	0.5781	0.4028
4850	0.5781	0.4027
4851	0.5781	0.4027
4852	0.5780	0.4026
4853	0.5780	0.4026
4854	0.5780	0.4025
4855	0.5779	0.4025
4856	0.5779	0.4024
4857	0.5778	0.4024
4858	0.5778	0.4024
4859	0.5778	0.4023
4860	0.5777	0.4023
4861	0.5777	0.4022
4862	0.5776	0.4022
4863	0.5776	0.4021
4864	0.5776	0.4021
4865	0.5775	0.4020
4866	0.5775	0.4020
4867	0.5775	0.4020
4868	0.5774	0.4019
4869	0.5774	0.4019
4870	0.5773	0.4018
4871	0.5773	0.4018
4872	0.5773	0.4017
4873	0.5772	0.4017
4874	0.5772	0.4017
4875	0.5772	0.4016
4876	0.5771	0.4016
4877	0.5771	0.4015
4878	0.5770	0.4015
4879	0.5770	0.4014
4880	0.5770	0.4014
4881	0.5769	0.4013
4882	0.5769	0.4013
4883	0.5768	0.4013
4884	0.5768	0.4012
4885	0.5768	0.4012
4886	0.5767	0.4011
4887	0.5767	0.4011
4888	0.5767	0.4010
4889	0.5766	0.4010
4890	0.5766	0.4009
4891	0.5765	0.4009
4892	0.5765	0.4009
4893	0.5765	0.4008
4894	0.5764	0.4008
4895	0.5764	0.4007
4896	0.5764	0.4007
4897	0.5763	0.4006
4898	0.5763	0.4006
4899	0.5762	0.4006
4900	0.5762	0.4005
4901	0.5762	0.4005
4902	0.5761	0.4004
4903	0.5761	0.4004
4904	0.5761	0.4003
4905	0.5760	0.4003
4906	0.5760	0.4002
4907	0.5759	0.4002
4908	0.5759	0.4002
4909	0.5759	0.4001
4910	0.5758	0.4001
4911	0.5758	0.4000
4912	0.5758	0.4000
4913	0.5757	0.3999
4914	0.5757	0.3999
4915	0.5756	0.3999
4916	0.5756	0.3998
4917	0.5756	0.3998
4918	0.5755	0.3997
4919	0.5755	0.3997
4920	0.5754	0.3996
4921	0.5754	0.3996
4922	0.5754	0.3995
4923	0.5753	0.3995
4924	0.5753	0.3995
4925	0.5753	0.3994
4926	0.5752	0.3994
4927	0.5752	0.3993
4928	0.5751	0.3993
4929	0.5751	0.3992
4930	0.5751	0.3992
4931	0.5750	0.3992
4932	0.5750	0.3991
4933	0.5750	0.3991
4934	0.5749	0.3990
4935	0.5749	0.3990
4936	0.5748	0.3989
4937	0.5748	0.3989
4938	0.5748	0.3989
4939	0.5747	0.3988
4940	0.5747	0.3988
4941	0.5747	0.3987
4942	0.5746	0.3987
4943	0.5746	0.3986
4944	0.5745	0.3986
4945	0.5745	0.3985
4946	0.5745	0.3985
4947	0.5744	0.3985
4948	0.5744	0.3984
4949	0.5744	0.3984
4950	0.5743	0.3983
4951	0.5743	0.3983
4952	0.5742	0.3982
4953	0.5742	0.3982
4954	0.5742	0.3982
4955	0.5741	0.3981
4956	0.5741	0.3981
4957	0.5741	0.3980
4958	0.5740	0.3980
4959	0.5740	0.3979
4960	0.5740	0.3979
4961	0.5739	0.3979
4962	0.5739	0.3978
4963	0.5738	0.3978
4964	0.5738	0.3977
4965	0.5738	0.3977
4966	0.5737	0.3976
4967	0.5737	0.3976
4968	0.5737	0.3976
4969	0.5736	0.3975
4970	0.5736	0.3975
4971	0.5735	0.3974
4972	0.5735	0.3974
4973	0.5735	0.3973
4974	0.5734	0.3973
4975	0.5734	0.3973
4976	0.5734	0.3972
4977	0.5733	0.3972
4978	0.5733	0.3971
4979	0.5732	0.3971
4980	0.5732	0.3970
4981	0.5732	0.3970
4982	0.5731	0.3970
4983	0.5731	0.3969
4984	0.5731	0.3969
4985	0.5730	0.3968
4986	0.5730	0.3968
4987	0.5729	0.3967
4988	0.5729	0.3967
4989	0.5729	0.3967
4990	0.5728	0.3966
4991	0.5728	0.3966
4992	0.5728	0.3965
4993	0.5727	0.3965
4994	0.5727	0.3964
4995	0.5727	0.3964
4996	0.5726	0.3964
4997	0.5726	0.3963
4998	0.5725	0.3963
4999	0.5725	0.3962
5000	0.5725	0.3962
