Epoch	Training Loss	Validation Loss
1		0.7411		0.6776
2		0.7382		0.6901
3		0.7355		0.6980
4		0.7344		0.7029
5		0.7339		0.7059
6		0.7336		0.7077
7		0.7335		0.7088
8		0.7334		0.7095
9		0.7333		0.7098
10		0.7332		0.7101
11		0.7332		0.7102
12		0.7331		0.7102
13		0.7331		0.7102
14		0.7331		0.7102
15		0.7330		0.7102
16		0.7330		0.7102
17		0.7330		0.7101
18		0.7329		0.7101
19		0.7329		0.7101
20		0.7329		0.7100
21		0.7328		0.7100
22		0.7328		0.7099
23		0.7328		0.7099
24		0.7327		0.7099
25		0.7327		0.7098
26		0.7327		0.7098
27		0.7326		0.7097
28		0.7326		0.7097
29		0.7326		0.7096
30		0.7325		0.7096
31		0.7325		0.7096
32		0.7325		0.7095
33		0.7324		0.7095
34		0.7324		0.7094
35		0.7324		0.7094
36		0.7323		0.7093
37		0.7323		0.7093
38		0.7323		0.7093
39		0.7322		0.7092
40		0.7322		0.7092
41		0.7322		0.7091
42		0.7321		0.7091
43		0.7321		0.7090
44		0.7321		0.7090
45		0.7320		0.7090
46		0.7320		0.7089
47		0.7320		0.7089
48		0.7319		0.7088
49		0.7319		0.7088
50		0.7319		0.7087
51		0.7318		0.7087
52		0.7318		0.7087
53		0.7318		0.7086
54		0.7317		0.7086
55		0.7317		0.7085
56		0.7317		0.7085
57		0.7316		0.7084
58		0.7316		0.7084
59		0.7316		0.7084
60		0.7315		0.7083
61		0.7315		0.7083
62		0.7315		0.7082
63		0.7314		0.7082
64		0.7314		0.7081
65		0.7314		0.7081
66		0.7313		0.7081
67		0.7313		0.7080
68		0.7313		0.7080
69		0.7312		0.7079
70		0.7312		0.7079
71		0.7312		0.7078
72		0.7311		0.7078
73		0.7311		0.7078
74		0.7311		0.7077
75		0.7310		0.7077
76		0.7310		0.7076
77		0.7310		0.7076
78		0.7309		0.7075
79		0.7309		0.7075
80		0.7309		0.7075
81		0.7308		0.7074
82		0.7308		0.7074
83		0.7308		0.7073
84		0.7307		0.7073
85		0.7307		0.7073
86		0.7307		0.7072
87		0.7306		0.7072
88		0.7306		0.7071
89		0.7306		0.7071
90		0.7305		0.7070
91		0.7305		0.7070
92		0.7305		0.7070
93		0.7304		0.7069
94		0.7304		0.7069
95		0.7304		0.7068
96		0.7303		0.7068
97		0.7303		0.7067
98		0.7303		0.7067
99		0.7302		0.7067
100		0.7302		0.7066
101		0.7302		0.7066
102		0.7301		0.7065
103		0.7301		0.7065
104		0.7301		0.7064
105		0.7300		0.7064
106		0.7300		0.7064
107		0.7300		0.7063
108		0.7299		0.7063
109		0.7299		0.7062
110		0.7299		0.7062
111		0.7298		0.7061
112		0.7298		0.7061
113		0.7298		0.7061
114		0.7297		0.7060
115		0.7297		0.7060
116		0.7297		0.7059
117		0.7296		0.7059
118		0.7296		0.7058
119		0.7296		0.7058
120		0.7295		0.7058
121		0.7295		0.7057
122		0.7295		0.7057
123		0.7294		0.7056
124		0.7294		0.7056
125		0.7294		0.7055
126		0.7293		0.7055
127		0.7293		0.7055
128		0.7293		0.7054
129		0.7292		0.7054
130		0.7292		0.7053
131		0.7292		0.7053
132		0.7291		0.7053
133		0.7291		0.7052
134		0.7291		0.7052
135		0.7290		0.7051
136		0.7290		0.7051
137		0.7290		0.7050
138		0.7289		0.7050
139		0.7289		0.7050
140		0.7289		0.7049
141		0.7288		0.7049
142		0.7288		0.7048
143		0.7288		0.7048
144		0.7287		0.7047
145		0.7287		0.7047
146		0.7287		0.7047
147		0.7286		0.7046
148		0.7286		0.7046
149		0.7286		0.7045
150		0.7285		0.7045
151		0.7285		0.7044
152		0.7285		0.7044
153		0.7284		0.7044
154		0.7284		0.7043
155		0.7284		0.7043
156		0.7283		0.7042
157		0.7283		0.7042
158		0.7283		0.7041
159		0.7282		0.7041
160		0.7282		0.7041
161		0.7282		0.7040
162		0.7281		0.7040
163		0.7281		0.7039
164		0.7281		0.7039
165		0.7280		0.7039
166		0.7280		0.7038
167		0.7280		0.7038
168		0.7279		0.7037
169		0.7279		0.7037
170		0.7279		0.7036
171		0.7278		0.7036
172		0.7278		0.7036
173		0.7278		0.7035
174		0.7277		0.7035
175		0.7277		0.7034
176		0.7277		0.7034
177		0.7276		0.7033
178		0.7276		0.7033
179		0.7276		0.7033
180		0.7275		0.7032
181		0.7275		0.7032
182		0.7275		0.7031
183		0.7275		0.7031
184		0.7274		0.7031
185		0.7274		0.7030
186		0.7274		0.7030
187		0.7273		0.7029
188		0.7273		0.7029
189		0.7273		0.7028
190		0.7272		0.7028
191		0.7272		0.7028
192		0.7272		0.7027
193		0.7271		0.7027
194		0.7271		0.7026
195		0.7271		0.7026
196		0.7270		0.7025
197		0.7270		0.7025
198		0.7270		0.7025
199		0.7269		0.7024
200		0.7269		0.7024
201		0.7269		0.7023
202		0.7268		0.7023
203		0.7268		0.7022
204		0.7268		0.7022
205		0.7267		0.7022
206		0.7267		0.7021
207		0.7267		0.7021
208		0.7266		0.7020
209		0.7266		0.7020
210		0.7266		0.7020
211		0.7265		0.7019
212		0.7265		0.7019
213		0.7265		0.7018
214		0.7264		0.7018
215		0.7264		0.7017
216		0.7264		0.7017
217		0.7263		0.7017
218		0.7263		0.7016
219		0.7263		0.7016
220		0.7262		0.7015
221		0.7262		0.7015
222		0.7262		0.7015
223		0.7261		0.7014
224		0.7261		0.7014
225		0.7261		0.7013
226		0.7260		0.7013
227		0.7260		0.7012
228		0.7260		0.7012
229		0.7259		0.7012
230		0.7259		0.7011
231		0.7259		0.7011
232		0.7258		0.7010
233		0.7258		0.7010
234		0.7258		0.7009
235		0.7257		0.7009
236		0.7257		0.7009
237		0.7257		0.7008
238		0.7256		0.7008
239		0.7256		0.7007
240		0.7256		0.7007
241		0.7255		0.7007
242		0.7255		0.7006
243		0.7255		0.7006
244		0.7254		0.7005
245		0.7254		0.7005
246		0.7254		0.7004
247		0.7253		0.7004
248		0.7253		0.7004
249		0.7253		0.7003
250		0.7252		0.7003
251		0.7252		0.7002
252		0.7252		0.7002
253		0.7252		0.7001
254		0.7251		0.7001
255		0.7251		0.7001
256		0.7251		0.7000
257		0.7250		0.7000
258		0.7250		0.6999
259		0.7250		0.6999
260		0.7249		0.6999
261		0.7249		0.6998
262		0.7249		0.6998
263		0.7248		0.6997
264		0.7248		0.6997
265		0.7248		0.6996
266		0.7247		0.6996
267		0.7247		0.6996
268		0.7247		0.6995
269		0.7246		0.6995
270		0.7246		0.6994
271		0.7246		0.6994
272		0.7245		0.6994
273		0.7245		0.6993
274		0.7245		0.6993
275		0.7244		0.6992
276		0.7244		0.6992
277		0.7244		0.6991
278		0.7243		0.6991
279		0.7243		0.6991
280		0.7243		0.6990
281		0.7242		0.6990
282		0.7242		0.6989
283		0.7242		0.6989
284		0.7241		0.6989
285		0.7241		0.6988
286		0.7241		0.6988
287		0.7240		0.6987
288		0.7240		0.6987
289		0.7240		0.6986
290		0.7239		0.6986
291		0.7239		0.6986
292		0.7239		0.6985
293		0.7238		0.6985
294		0.7238		0.6984
295		0.7238		0.6984
296		0.7237		0.6984
297		0.7237		0.6983
298		0.7237		0.6983
299		0.7236		0.6982
300		0.7236		0.6982
301		0.7236		0.6981
302		0.7236		0.6981
303		0.7235		0.6981
304		0.7235		0.6980
305		0.7235		0.6980
306		0.7234		0.6979
307		0.7234		0.6979
308		0.7234		0.6979
309		0.7233		0.6978
310		0.7233		0.6978
311		0.7233		0.6977
312		0.7232		0.6977
313		0.7232		0.6976
314		0.7232		0.6976
315		0.7231		0.6976
316		0.7231		0.6975
317		0.7231		0.6975
318		0.7230		0.6974
319		0.7230		0.6974
320		0.7230		0.6974
321		0.7229		0.6973
322		0.7229		0.6973
323		0.7229		0.6972
324		0.7228		0.6972
325		0.7228		0.6971
326		0.7228		0.6971
327		0.7227		0.6971
328		0.7227		0.6970
329		0.7227		0.6970
330		0.7226		0.6969
331		0.7226		0.6969
332		0.7226		0.6969
333		0.7225		0.6968
334		0.7225		0.6968
335		0.7225		0.6967
336		0.7224		0.6967
337		0.7224		0.6966
338		0.7224		0.6966
339		0.7223		0.6966
340		0.7223		0.6965
341		0.7223		0.6965
342		0.7223		0.6964
343		0.7222		0.6964
344		0.7222		0.6964
345		0.7222		0.6963
346		0.7221		0.6963
347		0.7221		0.6962
348		0.7221		0.6962
349		0.7220		0.6961
350		0.7220		0.6961
351		0.7220		0.6961
352		0.7219		0.6960
353		0.7219		0.6960
354		0.7219		0.6959
355		0.7218		0.6959
356		0.7218		0.6959
357		0.7218		0.6958
358		0.7217		0.6958
359		0.7217		0.6957
360		0.7217		0.6957
361		0.7216		0.6957
362		0.7216		0.6956
363		0.7216		0.6956
364		0.7215		0.6955
365		0.7215		0.6955
366		0.7215		0.6954
367		0.7214		0.6954
368		0.7214		0.6954
369		0.7214		0.6953
370		0.7213		0.6953
371		0.7213		0.6952
372		0.7213		0.6952
373		0.7212		0.6952
374		0.7212		0.6951
375		0.7212		0.6951
376		0.7211		0.6950
377		0.7211		0.6950
378		0.7211		0.6949
379		0.7211		0.6949
380		0.7210		0.6949
381		0.7210		0.6948
382		0.7210		0.6948
383		0.7209		0.6947
384		0.7209		0.6947
385		0.7209		0.6947
386		0.7208		0.6946
387		0.7208		0.6946
388		0.7208		0.6945
389		0.7207		0.6945
390		0.7207		0.6945
391		0.7207		0.6944
392		0.7206		0.6944
393		0.7206		0.6943
394		0.7206		0.6943
395		0.7205		0.6942
396		0.7205		0.6942
397		0.7205		0.6942
398		0.7204		0.6941
399		0.7204		0.6941
400		0.7204		0.6940
401		0.7203		0.6940
402		0.7203		0.6940
403		0.7203		0.6939
404		0.7202		0.6939
405		0.7202		0.6938
406		0.7202		0.6938
407		0.7201		0.6937
408		0.7201		0.6937
409		0.7201		0.6937
410		0.7201		0.6936
411		0.7200		0.6936
412		0.7200		0.6935
413		0.7200		0.6935
414		0.7199		0.6935
415		0.7199		0.6934
416		0.7199		0.6934
417		0.7198		0.6933
418		0.7198		0.6933
419		0.7198		0.6933
420		0.7197		0.6932
421		0.7197		0.6932
422		0.7197		0.6931
423		0.7196		0.6931
424		0.7196		0.6930
425		0.7196		0.6930
426		0.7195		0.6930
427		0.7195		0.6929
428		0.7195		0.6929
429		0.7194		0.6928
430		0.7194		0.6928
431		0.7194		0.6928
432		0.7193		0.6927
433		0.7193		0.6927
434		0.7193		0.6926
435		0.7192		0.6926
436		0.7192		0.6926
437		0.7192		0.6925
438		0.7191		0.6925
439		0.7191		0.6924
440		0.7191		0.6924
441		0.7191		0.6924
442		0.7190		0.6923
443		0.7190		0.6923
444		0.7190		0.6922
445		0.7189		0.6922
446		0.7189		0.6921
447		0.7189		0.6921
448		0.7188		0.6921
449		0.7188		0.6920
450		0.7188		0.6920
451		0.7187		0.6919
452		0.7187		0.6919
453		0.7187		0.6919
454		0.7186		0.6918
455		0.7186		0.6918
456		0.7186		0.6917
457		0.7185		0.6917
458		0.7185		0.6917
459		0.7185		0.6916
460		0.7184		0.6916
461		0.7184		0.6915
462		0.7184		0.6915
463		0.7183		0.6914
464		0.7183		0.6914
465		0.7183		0.6914
466		0.7182		0.6913
467		0.7182		0.6913
468		0.7182		0.6912
469		0.7182		0.6912
470		0.7181		0.6912
471		0.7181		0.6911
472		0.7181		0.6911
473		0.7180		0.6910
474		0.7180		0.6910
475		0.7180		0.6910
476		0.7179		0.6909
477		0.7179		0.6909
478		0.7179		0.6908
479		0.7178		0.6908
480		0.7178		0.6908
481		0.7178		0.6907
482		0.7177		0.6907
483		0.7177		0.6906
484		0.7177		0.6906
485		0.7176		0.6905
486		0.7176		0.6905
487		0.7176		0.6905
488		0.7175		0.6904
489		0.7175		0.6904
490		0.7175		0.6903
491		0.7174		0.6903
492		0.7174		0.6903
493		0.7174		0.6902
494		0.7174		0.6902
495		0.7173		0.6901
496		0.7173		0.6901
497		0.7173		0.6901
498		0.7172		0.6900
499		0.7172		0.6900
500		0.7172		0.6899
501		0.7171		0.6899
502		0.7171		0.6899
503		0.7171		0.6898
504		0.7170		0.6898
505		0.7170		0.6897
506		0.7170		0.6897
507		0.7169		0.6896
508		0.7169		0.6896
509		0.7169		0.6896
510		0.7168		0.6895
511		0.7168		0.6895
512		0.7168		0.6894
513		0.7167		0.6894
514		0.7167		0.6894
515		0.7167		0.6893
516		0.7167		0.6893
517		0.7166		0.6892
518		0.7166		0.6892
519		0.7166		0.6892
520		0.7165		0.6891
521		0.7165		0.6891
522		0.7165		0.6890
523		0.7164		0.6890
524		0.7164		0.6890
525		0.7164		0.6889
526		0.7163		0.6889
527		0.7163		0.6888
528		0.7163		0.6888
529		0.7162		0.6888
530		0.7162		0.6887
531		0.7162		0.6887
532		0.7161		0.6886
533		0.7161		0.6886
534		0.7161		0.6886
535		0.7160		0.6885
536		0.7160		0.6885
537		0.7160		0.6884
538		0.7159		0.6884
539		0.7159		0.6883
540		0.7159		0.6883
541		0.7159		0.6883
542		0.7158		0.6882
543		0.7158		0.6882
544		0.7158		0.6881
545		0.7157		0.6881
546		0.7157		0.6881
547		0.7157		0.6880
548		0.7156		0.6880
549		0.7156		0.6879
550		0.7156		0.6879
551		0.7155		0.6879
552		0.7155		0.6878
553		0.7155		0.6878
554		0.7154		0.6877
555		0.7154		0.6877
556		0.7154		0.6877
557		0.7153		0.6876
558		0.7153		0.6876
559		0.7153		0.6875
560		0.7152		0.6875
561		0.7152		0.6875
562		0.7152		0.6874
563		0.7152		0.6874
564		0.7151		0.6873
565		0.7151		0.6873
566		0.7151		0.6873
567		0.7150		0.6872
568		0.7150		0.6872
569		0.7150		0.6871
570		0.7149		0.6871
571		0.7149		0.6870
572		0.7149		0.6870
573		0.7148		0.6870
574		0.7148		0.6869
575		0.7148		0.6869
576		0.7147		0.6868
577		0.7147		0.6868
578		0.7147		0.6868
579		0.7146		0.6867
580		0.7146		0.6867
581		0.7146		0.6866
582		0.7146		0.6866
583		0.7145		0.6866
584		0.7145		0.6865
585		0.7145		0.6865
586		0.7144		0.6864
587		0.7144		0.6864
588		0.7144		0.6864
589		0.7143		0.6863
590		0.7143		0.6863
591		0.7143		0.6862
592		0.7142		0.6862
593		0.7142		0.6862
594		0.7142		0.6861
595		0.7141		0.6861
596		0.7141		0.6860
597		0.7141		0.6860
598		0.7140		0.6860
599		0.7140		0.6859
600		0.7140		0.6859
601		0.7139		0.6858
602		0.7139		0.6858
603		0.7139		0.6858
604		0.7139		0.6857
605		0.7138		0.6857
606		0.7138		0.6856
607		0.7138		0.6856
608		0.7137		0.6856
609		0.7137		0.6855
610		0.7137		0.6855
611		0.7136		0.6854
612		0.7136		0.6854
613		0.7136		0.6854
614		0.7135		0.6853
615		0.7135		0.6853
616		0.7135		0.6852
617		0.7134		0.6852
618		0.7134		0.6851
619		0.7134		0.6851
620		0.7133		0.6851
621		0.7133		0.6850
622		0.7133		0.6850
623		0.7133		0.6849
624		0.7132		0.6849
625		0.7132		0.6849
626		0.7132		0.6848
627		0.7131		0.6848
628		0.7131		0.6847
629		0.7131		0.6847
630		0.7130		0.6847
631		0.7130		0.6846
632		0.7130		0.6846
633		0.7129		0.6845
634		0.7129		0.6845
635		0.7129		0.6845
636		0.7128		0.6844
637		0.7128		0.6844
638		0.7128		0.6843
639		0.7127		0.6843
640		0.7127		0.6843
641		0.7127		0.6842
642		0.7127		0.6842
643		0.7126		0.6841
644		0.7126		0.6841
645		0.7126		0.6841
646		0.7125		0.6840
647		0.7125		0.6840
648		0.7125		0.6839
649		0.7124		0.6839
650		0.7124		0.6839
651		0.7124		0.6838
652		0.7123		0.6838
653		0.7123		0.6837
654		0.7123		0.6837
655		0.7122		0.6837
656		0.7122		0.6836
657		0.7122		0.6836
658		0.7121		0.6835
659		0.7121		0.6835
660		0.7121		0.6835
661		0.7121		0.6834
662		0.7120		0.6834
663		0.7120		0.6833
664		0.7120		0.6833
665		0.7119		0.6833
666		0.7119		0.6832
667		0.7119		0.6832
668		0.7118		0.6831
669		0.7118		0.6831
670		0.7118		0.6831
671		0.7117		0.6830
672		0.7117		0.6830
673		0.7117		0.6829
674		0.7116		0.6829
675		0.7116		0.6829
676		0.7116		0.6828
677		0.7116		0.6828
678		0.7115		0.6827
679		0.7115		0.6827
680		0.7115		0.6827
681		0.7114		0.6826
682		0.7114		0.6826
683		0.7114		0.6825
684		0.7113		0.6825
685		0.7113		0.6825
686		0.7113		0.6824
687		0.7112		0.6824
688		0.7112		0.6823
689		0.7112		0.6823
690		0.7111		0.6823
691		0.7111		0.6822
692		0.7111		0.6822
693		0.7110		0.6821
694		0.7110		0.6821
695		0.7110		0.6821
696		0.7110		0.6820
697		0.7109		0.6820
698		0.7109		0.6819
699		0.7109		0.6819
700		0.7108		0.6819
701		0.7108		0.6818
702		0.7108		0.6818
703		0.7107		0.6817
704		0.7107		0.6817
705		0.7107		0.6817
706		0.7106		0.6816
707		0.7106		0.6816
708		0.7106		0.6815
709		0.7105		0.6815
710		0.7105		0.6815
711		0.7105		0.6814
712		0.7105		0.6814
713		0.7104		0.6813
714		0.7104		0.6813
715		0.7104		0.6813
716		0.7103		0.6812
717		0.7103		0.6812
718		0.7103		0.6811
719		0.7102		0.6811
720		0.7102		0.6811
721		0.7102		0.6810
722		0.7101		0.6810
723		0.7101		0.6809
724		0.7101		0.6809
725		0.7100		0.6809
726		0.7100		0.6808
727		0.7100		0.6808
728		0.7100		0.6807
729		0.7099		0.6807
730		0.7099		0.6807
731		0.7099		0.6806
732		0.7098		0.6806
733		0.7098		0.6805
734		0.7098		0.6805
735		0.7097		0.6805
736		0.7097		0.6804
737		0.7097		0.6804
738		0.7096		0.6803
739		0.7096		0.6803
740		0.7096		0.6803
741		0.7095		0.6802
742		0.7095		0.6802
743		0.7095		0.6801
744		0.7095		0.6801
745		0.7094		0.6801
746		0.7094		0.6800
747		0.7094		0.6800
748		0.7093		0.6799
749		0.7093		0.6799
750		0.7093		0.6799
751		0.7092		0.6798
752		0.7092		0.6798
753		0.7092		0.6797
754		0.7091		0.6797
755		0.7091		0.6797
756		0.7091		0.6796
757		0.7090		0.6796
758		0.7090		0.6795
759		0.7090		0.6795
760		0.7090		0.6795
761		0.7089		0.6794
762		0.7089		0.6794
763		0.7089		0.6794
764		0.7088		0.6793
765		0.7088		0.6793
766		0.7088		0.6792
767		0.7087		0.6792
768		0.7087		0.6792
769		0.7087		0.6791
770		0.7086		0.6791
771		0.7086		0.6790
772		0.7086		0.6790
773		0.7085		0.6790
774		0.7085		0.6789
775		0.7085		0.6789
776		0.7085		0.6788
777		0.7084		0.6788
778		0.7084		0.6788
779		0.7084		0.6787
780		0.7083		0.6787
781		0.7083		0.6786
782		0.7083		0.6786
783		0.7082		0.6786
784		0.7082		0.6785
785		0.7082		0.6785
786		0.7081		0.6784
787		0.7081		0.6784
788		0.7081		0.6784
789		0.7081		0.6783
790		0.7080		0.6783
791		0.7080		0.6782
792		0.7080		0.6782
793		0.7079		0.6782
794		0.7079		0.6781
795		0.7079		0.6781
796		0.7078		0.6780
797		0.7078		0.6780
798		0.7078		0.6780
799		0.7077		0.6779
800		0.7077		0.6779
801		0.7077		0.6778
802		0.7076		0.6778
803		0.7076		0.6778
804		0.7076		0.6777
805		0.7076		0.6777
806		0.7075		0.6776
807		0.7075		0.6776
808		0.7075		0.6776
809		0.7074		0.6775
810		0.7074		0.6775
811		0.7074		0.6775
812		0.7073		0.6774
813		0.7073		0.6774
814		0.7073		0.6773
815		0.7072		0.6773
816		0.7072		0.6773
817		0.7072		0.6772
818		0.7072		0.6772
819		0.7071		0.6771
820		0.7071		0.6771
821		0.7071		0.6771
822		0.7070		0.6770
823		0.7070		0.6770
824		0.7070		0.6769
825		0.7069		0.6769
826		0.7069		0.6769
827		0.7069		0.6768
828		0.7068		0.6768
829		0.7068		0.6767
830		0.7068		0.6767
831		0.7067		0.6767
832		0.7067		0.6766
833		0.7067		0.6766
834		0.7067		0.6765
835		0.7066		0.6765
836		0.7066		0.6765
837		0.7066		0.6764
838		0.7065		0.6764
839		0.7065		0.6763
840		0.7065		0.6763
841		0.7064		0.6763
842		0.7064		0.6762
843		0.7064		0.6762
844		0.7063		0.6762
845		0.7063		0.6761
846		0.7063		0.6761
847		0.7063		0.6760
848		0.7062		0.6760
849		0.7062		0.6760
850		0.7062		0.6759
851		0.7061		0.6759
852		0.7061		0.6758
853		0.7061		0.6758
854		0.7060		0.6758
855		0.7060		0.6757
856		0.7060		0.6757
857		0.7059		0.6756
858		0.7059		0.6756
859		0.7059		0.6756
860		0.7059		0.6755
861		0.7058		0.6755
862		0.7058		0.6754
863		0.7058		0.6754
864		0.7057		0.6754
865		0.7057		0.6753
866		0.7057		0.6753
867		0.7056		0.6752
868		0.7056		0.6752
869		0.7056		0.6752
870		0.7055		0.6751
871		0.7055		0.6751
872		0.7055		0.6751
873		0.7055		0.6750
874		0.7054		0.6750
875		0.7054		0.6749
876		0.7054		0.6749
877		0.7053		0.6749
878		0.7053		0.6748
879		0.7053		0.6748
880		0.7052		0.6747
881		0.7052		0.6747
882		0.7052		0.6747
883		0.7051		0.6746
884		0.7051		0.6746
885		0.7051		0.6745
886		0.7050		0.6745
887		0.7050		0.6745
888		0.7050		0.6744
889		0.7050		0.6744
890		0.7049		0.6743
891		0.7049		0.6743
892		0.7049		0.6743
893		0.7048		0.6742
894		0.7048		0.6742
895		0.7048		0.6742
896		0.7047		0.6741
897		0.7047		0.6741
898		0.7047		0.6740
899		0.7046		0.6740
900		0.7046		0.6740
901		0.7046		0.6739
902		0.7046		0.6739
903		0.7045		0.6738
904		0.7045		0.6738
905		0.7045		0.6738
906		0.7044		0.6737
907		0.7044		0.6737
908		0.7044		0.6736
909		0.7043		0.6736
910		0.7043		0.6736
911		0.7043		0.6735
912		0.7042		0.6735
913		0.7042		0.6734
914		0.7042		0.6734
915		0.7042		0.6734
916		0.7041		0.6733
917		0.7041		0.6733
918		0.7041		0.6733
919		0.7040		0.6732
920		0.7040		0.6732
921		0.7040		0.6731
922		0.7039		0.6731
923		0.7039		0.6731
924		0.7039		0.6730
925		0.7039		0.6730
926		0.7038		0.6729
927		0.7038		0.6729
928		0.7038		0.6729
929		0.7037		0.6728
930		0.7037		0.6728
931		0.7037		0.6727
932		0.7036		0.6727
933		0.7036		0.6727
934		0.7036		0.6726
935		0.7035		0.6726
936		0.7035		0.6725
937		0.7035		0.6725
938		0.7035		0.6725
939		0.7034		0.6724
940		0.7034		0.6724
941		0.7034		0.6724
942		0.7033		0.6723
943		0.7033		0.6723
944		0.7033		0.6722
945		0.7032		0.6722
946		0.7032		0.6722
947		0.7032		0.6721
948		0.7031		0.6721
949		0.7031		0.6720
950		0.7031		0.6720
951		0.7031		0.6720
952		0.7030		0.6719
953		0.7030		0.6719
954		0.7030		0.6718
955		0.7029		0.6718
956		0.7029		0.6718
957		0.7029		0.6717
958		0.7028		0.6717
959		0.7028		0.6717
960		0.7028		0.6716
961		0.7027		0.6716
962		0.7027		0.6715
963		0.7027		0.6715
964		0.7027		0.6715
965		0.7026		0.6714
966		0.7026		0.6714
967		0.7026		0.6713
968		0.7025		0.6713
969		0.7025		0.6713
970		0.7025		0.6712
971		0.7024		0.6712
972		0.7024		0.6712
973		0.7024		0.6711
974		0.7024		0.6711
975		0.7023		0.6710
976		0.7023		0.6710
977		0.7023		0.6710
978		0.7022		0.6709
979		0.7022		0.6709
980		0.7022		0.6708
981		0.7021		0.6708
982		0.7021		0.6708
983		0.7021		0.6707
984		0.7020		0.6707
985		0.7020		0.6706
986		0.7020		0.6706
987		0.7020		0.6706
988		0.7019		0.6705
989		0.7019		0.6705
990		0.7019		0.6705
991		0.7018		0.6704
992		0.7018		0.6704
993		0.7018		0.6703
994		0.7017		0.6703
995		0.7017		0.6703
996		0.7017		0.6702
997		0.7016		0.6702
998		0.7016		0.6701
999		0.7016		0.6701
1000		0.7016		0.6701
1001		0.7015		0.6700
1002		0.7015		0.6700
1003		0.7015		0.6699
1004		0.7014		0.6699
1005		0.7014		0.6699
1006		0.7014		0.6698
1007		0.7013		0.6698
1008		0.7013		0.6698
1009		0.7013		0.6697
1010		0.7013		0.6697
1011		0.7012		0.6696
1012		0.7012		0.6696
1013		0.7012		0.6696
1014		0.7011		0.6695
1015		0.7011		0.6695
1016		0.7011		0.6694
1017		0.7010		0.6694
1018		0.7010		0.6694
1019		0.7010		0.6693
1020		0.7009		0.6693
1021		0.7009		0.6693
1022		0.7009		0.6692
1023		0.7009		0.6692
1024		0.7008		0.6691
1025		0.7008		0.6691
1026		0.7008		0.6691
1027		0.7007		0.6690
1028		0.7007		0.6690
1029		0.7007		0.6689
1030		0.7006		0.6689
1031		0.7006		0.6689
1032		0.7006		0.6688
1033		0.7006		0.6688
1034		0.7005		0.6688
1035		0.7005		0.6687
1036		0.7005		0.6687
1037		0.7004		0.6686
1038		0.7004		0.6686
1039		0.7004		0.6686
1040		0.7003		0.6685
1041		0.7003		0.6685
1042		0.7003		0.6684
1043		0.7003		0.6684
1044		0.7002		0.6684
1045		0.7002		0.6683
1046		0.7002		0.6683
1047		0.7001		0.6683
1048		0.7001		0.6682
1049		0.7001		0.6682
1050		0.7000		0.6681
1051		0.7000		0.6681
1052		0.7000		0.6681
1053		0.6999		0.6680
1054		0.6999		0.6680
1055		0.6999		0.6679
1056		0.6999		0.6679
1057		0.6998		0.6679
1058		0.6998		0.6678
1059		0.6998		0.6678
1060		0.6997		0.6678
1061		0.6997		0.6677
1062		0.6997		0.6677
1063		0.6996		0.6676
1064		0.6996		0.6676
1065		0.6996		0.6676
1066		0.6996		0.6675
1067		0.6995		0.6675
1068		0.6995		0.6674
1069		0.6995		0.6674
1070		0.6994		0.6674
1071		0.6994		0.6673
1072		0.6994		0.6673
1073		0.6993		0.6673
1074		0.6993		0.6672
1075		0.6993		0.6672
1076		0.6993		0.6671
1077		0.6992		0.6671
1078		0.6992		0.6671
1079		0.6992		0.6670
1080		0.6991		0.6670
1081		0.6991		0.6669
1082		0.6991		0.6669
1083		0.6990		0.6669
1084		0.6990		0.6668
1085		0.6990		0.6668
1086		0.6989		0.6668
1087		0.6989		0.6667
1088		0.6989		0.6667
1089		0.6989		0.6666
1090		0.6988		0.6666
1091		0.6988		0.6666
1092		0.6988		0.6665
1093		0.6987		0.6665
1094		0.6987		0.6664
1095		0.6987		0.6664
1096		0.6986		0.6664
1097		0.6986		0.6663
1098		0.6986		0.6663
1099		0.6986		0.6663
1100		0.6985		0.6662
1101		0.6985		0.6662
1102		0.6985		0.6661
1103		0.6984		0.6661
1104		0.6984		0.6661
1105		0.6984		0.6660
1106		0.6983		0.6660
1107		0.6983		0.6660
1108		0.6983		0.6659
1109		0.6983		0.6659
1110		0.6982		0.6658
1111		0.6982		0.6658
1112		0.6982		0.6658
1113		0.6981		0.6657
1114		0.6981		0.6657
1115		0.6981		0.6656
1116		0.6980		0.6656
1117		0.6980		0.6656
1118		0.6980		0.6655
1119		0.6980		0.6655
1120		0.6979		0.6655
1121		0.6979		0.6654
1122		0.6979		0.6654
1123		0.6978		0.6653
1124		0.6978		0.6653
1125		0.6978		0.6653
1126		0.6977		0.6652
1127		0.6977		0.6652
1128		0.6977		0.6651
1129		0.6977		0.6651
1130		0.6976		0.6651
1131		0.6976		0.6650
1132		0.6976		0.6650
1133		0.6975		0.6650
1134		0.6975		0.6649
1135		0.6975		0.6649
1136		0.6974		0.6648
1137		0.6974		0.6648
1138		0.6974		0.6648
1139		0.6974		0.6647
1140		0.6973		0.6647
1141		0.6973		0.6647
1142		0.6973		0.6646
1143		0.6972		0.6646
1144		0.6972		0.6645
1145		0.6972		0.6645
1146		0.6971		0.6645
1147		0.6971		0.6644
1148		0.6971		0.6644
1149		0.6971		0.6643
1150		0.6970		0.6643
1151		0.6970		0.6643
1152		0.6970		0.6642
1153		0.6969		0.6642
1154		0.6969		0.6642
1155		0.6969		0.6641
1156		0.6968		0.6641
1157		0.6968		0.6640
1158		0.6968		0.6640
1159		0.6968		0.6640
1160		0.6967		0.6639
1161		0.6967		0.6639
1162		0.6967		0.6639
1163		0.6966		0.6638
1164		0.6966		0.6638
1165		0.6966		0.6637
1166		0.6965		0.6637
1167		0.6965		0.6637
1168		0.6965		0.6636
1169		0.6965		0.6636
1170		0.6964		0.6636
1171		0.6964		0.6635
1172		0.6964		0.6635
1173		0.6963		0.6634
1174		0.6963		0.6634
1175		0.6963		0.6634
1176		0.6962		0.6633
1177		0.6962		0.6633
1178		0.6962		0.6632
1179		0.6962		0.6632
1180		0.6961		0.6632
1181		0.6961		0.6631
1182		0.6961		0.6631
1183		0.6960		0.6631
1184		0.6960		0.6630
1185		0.6960		0.6630
1186		0.6959		0.6629
1187		0.6959		0.6629
1188		0.6959		0.6629
1189		0.6959		0.6628
1190		0.6958		0.6628
1191		0.6958		0.6628
1192		0.6958		0.6627
1193		0.6957		0.6627
1194		0.6957		0.6626
1195		0.6957		0.6626
1196		0.6956		0.6626
1197		0.6956		0.6625
1198		0.6956		0.6625
1199		0.6956		0.6625
1200		0.6955		0.6624
1201		0.6955		0.6624
1202		0.6955		0.6623
1203		0.6954		0.6623
1204		0.6954		0.6623
1205		0.6954		0.6622
1206		0.6953		0.6622
1207		0.6953		0.6621
1208		0.6953		0.6621
1209		0.6953		0.6621
1210		0.6952		0.6620
1211		0.6952		0.6620
1212		0.6952		0.6620
1213		0.6951		0.6619
1214		0.6951		0.6619
1215		0.6951		0.6618
1216		0.6950		0.6618
1217		0.6950		0.6618
1218		0.6950		0.6617
1219		0.6950		0.6617
1220		0.6949		0.6617
1221		0.6949		0.6616
1222		0.6949		0.6616
1223		0.6948		0.6615
1224		0.6948		0.6615
1225		0.6948		0.6615
1226		0.6947		0.6614
1227		0.6947		0.6614
1228		0.6947		0.6614
1229		0.6947		0.6613
1230		0.6946		0.6613
1231		0.6946		0.6612
1232		0.6946		0.6612
1233		0.6945		0.6612
1234		0.6945		0.6611
1235		0.6945		0.6611
1236		0.6945		0.6611
1237		0.6944		0.6610
1238		0.6944		0.6610
1239		0.6944		0.6609
1240		0.6943		0.6609
1241		0.6943		0.6609
1242		0.6943		0.6608
1243		0.6942		0.6608
1244		0.6942		0.6608
1245		0.6942		0.6607
1246		0.6942		0.6607
1247		0.6941		0.6606
1248		0.6941		0.6606
1249		0.6941		0.6606
1250		0.6940		0.6605
1251		0.6940		0.6605
1252		0.6940		0.6605
1253		0.6939		0.6604
1254		0.6939		0.6604
1255		0.6939		0.6603
1256		0.6939		0.6603
1257		0.6938		0.6603
1258		0.6938		0.6602
1259		0.6938		0.6602
1260		0.6937		0.6601
1261		0.6937		0.6601
1262		0.6937		0.6601
1263		0.6936		0.6600
1264		0.6936		0.6600
1265		0.6936		0.6600
1266		0.6936		0.6599
1267		0.6935		0.6599
1268		0.6935		0.6598
1269		0.6935		0.6598
1270		0.6934		0.6598
1271		0.6934		0.6597
1272		0.6934		0.6597
1273		0.6934		0.6597
1274		0.6933		0.6596
1275		0.6933		0.6596
1276		0.6933		0.6595
1277		0.6932		0.6595
1278		0.6932		0.6595
1279		0.6932		0.6594
1280		0.6931		0.6594
1281		0.6931		0.6594
1282		0.6931		0.6593
1283		0.6931		0.6593
1284		0.6930		0.6592
1285		0.6930		0.6592
1286		0.6930		0.6592
1287		0.6929		0.6591
1288		0.6929		0.6591
1289		0.6929		0.6591
1290		0.6928		0.6590
1291		0.6928		0.6590
1292		0.6928		0.6589
1293		0.6928		0.6589
1294		0.6927		0.6589
1295		0.6927		0.6588
1296		0.6927		0.6588
1297		0.6926		0.6588
1298		0.6926		0.6587
1299		0.6926		0.6587
1300		0.6926		0.6586
1301		0.6925		0.6586
1302		0.6925		0.6586
1303		0.6925		0.6585
1304		0.6924		0.6585
1305		0.6924		0.6585
1306		0.6924		0.6584
1307		0.6923		0.6584
1308		0.6923		0.6583
1309		0.6923		0.6583
1310		0.6923		0.6583
1311		0.6922		0.6582
1312		0.6922		0.6582
1313		0.6922		0.6582
1314		0.6921		0.6581
1315		0.6921		0.6581
1316		0.6921		0.6580
1317		0.6920		0.6580
1318		0.6920		0.6580
1319		0.6920		0.6579
1320		0.6920		0.6579
1321		0.6919		0.6579
1322		0.6919		0.6578
1323		0.6919		0.6578
1324		0.6918		0.6578
1325		0.6918		0.6577
1326		0.6918		0.6577
1327		0.6918		0.6576
1328		0.6917		0.6576
1329		0.6917		0.6576
1330		0.6917		0.6575
1331		0.6916		0.6575
1332		0.6916		0.6575
1333		0.6916		0.6574
1334		0.6915		0.6574
1335		0.6915		0.6573
1336		0.6915		0.6573
1337		0.6915		0.6573
1338		0.6914		0.6572
1339		0.6914		0.6572
1340		0.6914		0.6572
1341		0.6913		0.6571
1342		0.6913		0.6571
1343		0.6913		0.6570
1344		0.6913		0.6570
1345		0.6912		0.6570
1346		0.6912		0.6569
1347		0.6912		0.6569
1348		0.6911		0.6569
1349		0.6911		0.6568
1350		0.6911		0.6568
1351		0.6910		0.6567
1352		0.6910		0.6567
1353		0.6910		0.6567
1354		0.6910		0.6566
1355		0.6909		0.6566
1356		0.6909		0.6566
1357		0.6909		0.6565
1358		0.6908		0.6565
1359		0.6908		0.6564
1360		0.6908		0.6564
1361		0.6908		0.6564
1362		0.6907		0.6563
1363		0.6907		0.6563
1364		0.6907		0.6563
1365		0.6906		0.6562
1366		0.6906		0.6562
1367		0.6906		0.6561
1368		0.6905		0.6561
1369		0.6905		0.6561
1370		0.6905		0.6560
1371		0.6905		0.6560
1372		0.6904		0.6560
1373		0.6904		0.6559
1374		0.6904		0.6559
1375		0.6903		0.6559
1376		0.6903		0.6558
1377		0.6903		0.6558
1378		0.6903		0.6557
1379		0.6902		0.6557
1380		0.6902		0.6557
1381		0.6902		0.6556
1382		0.6901		0.6556
1383		0.6901		0.6556
1384		0.6901		0.6555
1385		0.6900		0.6555
1386		0.6900		0.6554
1387		0.6900		0.6554
1388		0.6900		0.6554
1389		0.6899		0.6553
1390		0.6899		0.6553
1391		0.6899		0.6553
1392		0.6898		0.6552
1393		0.6898		0.6552
1394		0.6898		0.6551
1395		0.6898		0.6551
1396		0.6897		0.6551
1397		0.6897		0.6550
1398		0.6897		0.6550
1399		0.6896		0.6550
1400		0.6896		0.6549
1401		0.6896		0.6549
1402		0.6895		0.6549
1403		0.6895		0.6548
1404		0.6895		0.6548
1405		0.6895		0.6547
1406		0.6894		0.6547
1407		0.6894		0.6547
1408		0.6894		0.6546
1409		0.6893		0.6546
1410		0.6893		0.6546
1411		0.6893		0.6545
1412		0.6893		0.6545
1413		0.6892		0.6544
1414		0.6892		0.6544
1415		0.6892		0.6544
1416		0.6891		0.6543
1417		0.6891		0.6543
1418		0.6891		0.6543
1419		0.6891		0.6542
1420		0.6890		0.6542
1421		0.6890		0.6541
1422		0.6890		0.6541
1423		0.6889		0.6541
1424		0.6889		0.6540
1425		0.6889		0.6540
1426		0.6888		0.6540
1427		0.6888		0.6539
1428		0.6888		0.6539
1429		0.6888		0.6539
1430		0.6887		0.6538
1431		0.6887		0.6538
1432		0.6887		0.6537
1433		0.6886		0.6537
1434		0.6886		0.6537
1435		0.6886		0.6536
1436		0.6886		0.6536
1437		0.6885		0.6536
1438		0.6885		0.6535
1439		0.6885		0.6535
1440		0.6884		0.6534
1441		0.6884		0.6534
1442		0.6884		0.6534
1443		0.6883		0.6533
1444		0.6883		0.6533
1445		0.6883		0.6533
1446		0.6883		0.6532
1447		0.6882		0.6532
1448		0.6882		0.6532
1449		0.6882		0.6531
1450		0.6881		0.6531
1451		0.6881		0.6530
1452		0.6881		0.6530
1453		0.6881		0.6530
1454		0.6880		0.6529
1455		0.6880		0.6529
1456		0.6880		0.6529
1457		0.6879		0.6528
1458		0.6879		0.6528
1459		0.6879		0.6527
1460		0.6879		0.6527
1461		0.6878		0.6527
1462		0.6878		0.6526
1463		0.6878		0.6526
1464		0.6877		0.6526
1465		0.6877		0.6525
1466		0.6877		0.6525
1467		0.6876		0.6525
1468		0.6876		0.6524
1469		0.6876		0.6524
1470		0.6876		0.6523
1471		0.6875		0.6523
1472		0.6875		0.6523
1473		0.6875		0.6522
1474		0.6874		0.6522
1475		0.6874		0.6522
1476		0.6874		0.6521
1477		0.6874		0.6521
1478		0.6873		0.6520
1479		0.6873		0.6520
1480		0.6873		0.6520
1481		0.6872		0.6519
1482		0.6872		0.6519
1483		0.6872		0.6519
1484		0.6872		0.6518
1485		0.6871		0.6518
1486		0.6871		0.6518
1487		0.6871		0.6517
1488		0.6870		0.6517
1489		0.6870		0.6516
1490		0.6870		0.6516
1491		0.6870		0.6516
1492		0.6869		0.6515
1493		0.6869		0.6515
1494		0.6869		0.6515
1495		0.6868		0.6514
1496		0.6868		0.6514
1497		0.6868		0.6514
1498		0.6867		0.6513
1499		0.6867		0.6513
1500		0.6867		0.6512
1501		0.6867		0.6512
1502		0.6866		0.6512
1503		0.6866		0.6511
1504		0.6866		0.6511
1505		0.6865		0.6511
1506		0.6865		0.6510
1507		0.6865		0.6510
1508		0.6865		0.6509
1509		0.6864		0.6509
1510		0.6864		0.6509
1511		0.6864		0.6508
1512		0.6863		0.6508
1513		0.6863		0.6508
1514		0.6863		0.6507
1515		0.6863		0.6507
1516		0.6862		0.6507
1517		0.6862		0.6506
1518		0.6862		0.6506
1519		0.6861		0.6505
1520		0.6861		0.6505
1521		0.6861		0.6505
1522		0.6861		0.6504
1523		0.6860		0.6504
1524		0.6860		0.6504
1525		0.6860		0.6503
1526		0.6859		0.6503
1527		0.6859		0.6503
1528		0.6859		0.6502
1529		0.6858		0.6502
1530		0.6858		0.6501
1531		0.6858		0.6501
1532		0.6858		0.6501
1533		0.6857		0.6500
1534		0.6857		0.6500
1535		0.6857		0.6500
1536		0.6856		0.6499
1537		0.6856		0.6499
1538		0.6856		0.6499
1539		0.6856		0.6498
1540		0.6855		0.6498
1541		0.6855		0.6497
1542		0.6855		0.6497
1543		0.6854		0.6497
1544		0.6854		0.6496
1545		0.6854		0.6496
1546		0.6854		0.6496
1547		0.6853		0.6495
1548		0.6853		0.6495
1549		0.6853		0.6495
1550		0.6852		0.6494
1551		0.6852		0.6494
1552		0.6852		0.6493
1553		0.6852		0.6493
1554		0.6851		0.6493
1555		0.6851		0.6492
1556		0.6851		0.6492
1557		0.6850		0.6492
1558		0.6850		0.6491
1559		0.6850		0.6491
1560		0.6850		0.6490
1561		0.6849		0.6490
1562		0.6849		0.6490
1563		0.6849		0.6489
1564		0.6848		0.6489
1565		0.6848		0.6489
1566		0.6848		0.6488
1567		0.6848		0.6488
1568		0.6847		0.6488
1569		0.6847		0.6487
1570		0.6847		0.6487
1571		0.6846		0.6486
1572		0.6846		0.6486
1573		0.6846		0.6486
1574		0.6846		0.6485
1575		0.6845		0.6485
1576		0.6845		0.6485
1577		0.6845		0.6484
1578		0.6844		0.6484
1579		0.6844		0.6484
1580		0.6844		0.6483
1581		0.6843		0.6483
1582		0.6843		0.6482
1583		0.6843		0.6482
1584		0.6843		0.6482
1585		0.6842		0.6481
1586		0.6842		0.6481
1587		0.6842		0.6481
1588		0.6841		0.6480
1589		0.6841		0.6480
1590		0.6841		0.6480
1591		0.6841		0.6479
1592		0.6840		0.6479
1593		0.6840		0.6479
1594		0.6840		0.6478
1595		0.6839		0.6478
1596		0.6839		0.6477
1597		0.6839		0.6477
1598		0.6839		0.6477
1599		0.6838		0.6476
1600		0.6838		0.6476
1601		0.6838		0.6476
1602		0.6837		0.6475
1603		0.6837		0.6475
1604		0.6837		0.6475
1605		0.6837		0.6474
1606		0.6836		0.6474
1607		0.6836		0.6473
1608		0.6836		0.6473
1609		0.6835		0.6473
1610		0.6835		0.6472
1611		0.6835		0.6472
1612		0.6835		0.6472
1613		0.6834		0.6471
1614		0.6834		0.6471
1615		0.6834		0.6471
1616		0.6833		0.6470
1617		0.6833		0.6470
1618		0.6833		0.6469
1619		0.6833		0.6469
1620		0.6832		0.6469
1621		0.6832		0.6468
1622		0.6832		0.6468
1623		0.6831		0.6468
1624		0.6831		0.6467
1625		0.6831		0.6467
1626		0.6831		0.6467
1627		0.6830		0.6466
1628		0.6830		0.6466
1629		0.6830		0.6465
1630		0.6829		0.6465
1631		0.6829		0.6465
1632		0.6829		0.6464
1633		0.6829		0.6464
1634		0.6828		0.6464
1635		0.6828		0.6463
1636		0.6828		0.6463
1637		0.6827		0.6463
1638		0.6827		0.6462
1639		0.6827		0.6462
1640		0.6827		0.6462
1641		0.6826		0.6461
1642		0.6826		0.6461
1643		0.6826		0.6460
1644		0.6825		0.6460
1645		0.6825		0.6460
1646		0.6825		0.6459
1647		0.6825		0.6459
1648		0.6824		0.6459
1649		0.6824		0.6458
1650		0.6824		0.6458
1651		0.6823		0.6458
1652		0.6823		0.6457
1653		0.6823		0.6457
1654		0.6823		0.6456
1655		0.6822		0.6456
1656		0.6822		0.6456
1657		0.6822		0.6455
1658		0.6821		0.6455
1659		0.6821		0.6455
1660		0.6821		0.6454
1661		0.6821		0.6454
1662		0.6820		0.6454
1663		0.6820		0.6453
1664		0.6820		0.6453
1665		0.6819		0.6452
1666		0.6819		0.6452
1667		0.6819		0.6452
1668		0.6819		0.6451
1669		0.6818		0.6451
1670		0.6818		0.6451
1671		0.6818		0.6450
1672		0.6817		0.6450
1673		0.6817		0.6450
1674		0.6817		0.6449
1675		0.6817		0.6449
1676		0.6816		0.6449
1677		0.6816		0.6448
1678		0.6816		0.6448
1679		0.6815		0.6447
1680		0.6815		0.6447
1681		0.6815		0.6447
1682		0.6815		0.6446
1683		0.6814		0.6446
1684		0.6814		0.6446
1685		0.6814		0.6445
1686		0.6813		0.6445
1687		0.6813		0.6445
1688		0.6813		0.6444
1689		0.6813		0.6444
1690		0.6812		0.6444
1691		0.6812		0.6443
1692		0.6812		0.6443
1693		0.6811		0.6442
1694		0.6811		0.6442
1695		0.6811		0.6442
1696		0.6811		0.6441
1697		0.6810		0.6441
1698		0.6810		0.6441
1699		0.6810		0.6440
1700		0.6809		0.6440
1701		0.6809		0.6440
1702		0.6809		0.6439
1703		0.6809		0.6439
1704		0.6808		0.6438
1705		0.6808		0.6438
1706		0.6808		0.6438
1707		0.6807		0.6437
1708		0.6807		0.6437
1709		0.6807		0.6437
1710		0.6807		0.6436
1711		0.6806		0.6436
1712		0.6806		0.6436
1713		0.6806		0.6435
1714		0.6805		0.6435
1715		0.6805		0.6435
1716		0.6805		0.6434
1717		0.6805		0.6434
1718		0.6804		0.6433
1719		0.6804		0.6433
1720		0.6804		0.6433
1721		0.6803		0.6432
1722		0.6803		0.6432
1723		0.6803		0.6432
1724		0.6803		0.6431
1725		0.6802		0.6431
1726		0.6802		0.6431
1727		0.6802		0.6430
1728		0.6801		0.6430
1729		0.6801		0.6430
1730		0.6801		0.6429
1731		0.6801		0.6429
1732		0.6800		0.6428
1733		0.6800		0.6428
1734		0.6800		0.6428
1735		0.6799		0.6427
1736		0.6799		0.6427
1737		0.6799		0.6427
1738		0.6799		0.6426
1739		0.6798		0.6426
1740		0.6798		0.6426
1741		0.6798		0.6425
1742		0.6797		0.6425
1743		0.6797		0.6425
1744		0.6797		0.6424
1745		0.6797		0.6424
1746		0.6796		0.6423
1747		0.6796		0.6423
1748		0.6796		0.6423
1749		0.6795		0.6422
1750		0.6795		0.6422
1751		0.6795		0.6422
1752		0.6795		0.6421
1753		0.6794		0.6421
1754		0.6794		0.6421
1755		0.6794		0.6420
1756		0.6794		0.6420
1757		0.6793		0.6420
1758		0.6793		0.6419
1759		0.6793		0.6419
1760		0.6792		0.6418
1761		0.6792		0.6418
1762		0.6792		0.6418
1763		0.6792		0.6417
1764		0.6791		0.6417
1765		0.6791		0.6417
1766		0.6791		0.6416
1767		0.6790		0.6416
1768		0.6790		0.6416
1769		0.6790		0.6415
1770		0.6790		0.6415
1771		0.6789		0.6415
1772		0.6789		0.6414
1773		0.6789		0.6414
1774		0.6788		0.6414
1775		0.6788		0.6413
1776		0.6788		0.6413
1777		0.6788		0.6412
1778		0.6787		0.6412
1779		0.6787		0.6412
1780		0.6787		0.6411
1781		0.6786		0.6411
1782		0.6786		0.6411
1783		0.6786		0.6410
1784		0.6786		0.6410
1785		0.6785		0.6410
1786		0.6785		0.6409
1787		0.6785		0.6409
1788		0.6784		0.6409
1789		0.6784		0.6408
1790		0.6784		0.6408
1791		0.6784		0.6407
1792		0.6783		0.6407
1793		0.6783		0.6407
1794		0.6783		0.6406
1795		0.6782		0.6406
1796		0.6782		0.6406
1797		0.6782		0.6405
1798		0.6782		0.6405
1799		0.6781		0.6405
1800		0.6781		0.6404
1801		0.6781		0.6404
1802		0.6781		0.6404
1803		0.6780		0.6403
1804		0.6780		0.6403
1805		0.6780		0.6403
1806		0.6779		0.6402
1807		0.6779		0.6402
1808		0.6779		0.6401
1809		0.6779		0.6401
1810		0.6778		0.6401
1811		0.6778		0.6400
1812		0.6778		0.6400
1813		0.6777		0.6400
1814		0.6777		0.6399
1815		0.6777		0.6399
1816		0.6777		0.6399
1817		0.6776		0.6398
1818		0.6776		0.6398
1819		0.6776		0.6398
1820		0.6775		0.6397
1821		0.6775		0.6397
1822		0.6775		0.6396
1823		0.6775		0.6396
1824		0.6774		0.6396
1825		0.6774		0.6395
1826		0.6774		0.6395
1827		0.6773		0.6395
1828		0.6773		0.6394
1829		0.6773		0.6394
1830		0.6773		0.6394
1831		0.6772		0.6393
1832		0.6772		0.6393
1833		0.6772		0.6393
1834		0.6772		0.6392
1835		0.6771		0.6392
1836		0.6771		0.6392
1837		0.6771		0.6391
1838		0.6770		0.6391
1839		0.6770		0.6390
1840		0.6770		0.6390
1841		0.6770		0.6390
1842		0.6769		0.6389
1843		0.6769		0.6389
1844		0.6769		0.6389
1845		0.6768		0.6388
1846		0.6768		0.6388
1847		0.6768		0.6388
1848		0.6768		0.6387
1849		0.6767		0.6387
1850		0.6767		0.6387
1851		0.6767		0.6386
1852		0.6766		0.6386
1853		0.6766		0.6386
1854		0.6766		0.6385
1855		0.6766		0.6385
1856		0.6765		0.6384
1857		0.6765		0.6384
1858		0.6765		0.6384
1859		0.6764		0.6383
1860		0.6764		0.6383
1861		0.6764		0.6383
1862		0.6764		0.6382
1863		0.6763		0.6382
1864		0.6763		0.6382
1865		0.6763		0.6381
1866		0.6763		0.6381
1867		0.6762		0.6381
1868		0.6762		0.6380
1869		0.6762		0.6380
1870		0.6761		0.6380
1871		0.6761		0.6379
1872		0.6761		0.6379
1873		0.6761		0.6378
1874		0.6760		0.6378
1875		0.6760		0.6378
1876		0.6760		0.6377
1877		0.6759		0.6377
1878		0.6759		0.6377
1879		0.6759		0.6376
1880		0.6759		0.6376
1881		0.6758		0.6376
1882		0.6758		0.6375
1883		0.6758		0.6375
1884		0.6757		0.6375
1885		0.6757		0.6374
1886		0.6757		0.6374
1887		0.6757		0.6374
1888		0.6756		0.6373
1889		0.6756		0.6373
1890		0.6756		0.6373
1891		0.6756		0.6372
1892		0.6755		0.6372
1893		0.6755		0.6371
1894		0.6755		0.6371
1895		0.6754		0.6371
1896		0.6754		0.6370
1897		0.6754		0.6370
1898		0.6754		0.6370
1899		0.6753		0.6369
1900		0.6753		0.6369
1901		0.6753		0.6369
1902		0.6752		0.6368
1903		0.6752		0.6368
1904		0.6752		0.6368
1905		0.6752		0.6367
1906		0.6751		0.6367
1907		0.6751		0.6367
1908		0.6751		0.6366
1909		0.6751		0.6366
1910		0.6750		0.6366
1911		0.6750		0.6365
1912		0.6750		0.6365
1913		0.6749		0.6364
1914		0.6749		0.6364
1915		0.6749		0.6364
1916		0.6749		0.6363
1917		0.6748		0.6363
1918		0.6748		0.6363
1919		0.6748		0.6362
1920		0.6747		0.6362
1921		0.6747		0.6362
1922		0.6747		0.6361
1923		0.6747		0.6361
1924		0.6746		0.6361
1925		0.6746		0.6360
1926		0.6746		0.6360
1927		0.6745		0.6360
1928		0.6745		0.6359
1929		0.6745		0.6359
1930		0.6745		0.6359
1931		0.6744		0.6358
1932		0.6744		0.6358
1933		0.6744		0.6357
1934		0.6744		0.6357
1935		0.6743		0.6357
1936		0.6743		0.6356
1937		0.6743		0.6356
1938		0.6742		0.6356
1939		0.6742		0.6355
1940		0.6742		0.6355
1941		0.6742		0.6355
1942		0.6741		0.6354
1943		0.6741		0.6354
1944		0.6741		0.6354
1945		0.6740		0.6353
1946		0.6740		0.6353
1947		0.6740		0.6353
1948		0.6740		0.6352
1949		0.6739		0.6352
1950		0.6739		0.6352
1951		0.6739		0.6351
1952		0.6739		0.6351
1953		0.6738		0.6350
1954		0.6738		0.6350
1955		0.6738		0.6350
1956		0.6737		0.6349
1957		0.6737		0.6349
1958		0.6737		0.6349
1959		0.6737		0.6348
1960		0.6736		0.6348
1961		0.6736		0.6348
1962		0.6736		0.6347
1963		0.6735		0.6347
1964		0.6735		0.6347
1965		0.6735		0.6346
1966		0.6735		0.6346
1967		0.6734		0.6346
1968		0.6734		0.6345
1969		0.6734		0.6345
1970		0.6734		0.6345
1971		0.6733		0.6344
1972		0.6733		0.6344
1973		0.6733		0.6344
1974		0.6732		0.6343
1975		0.6732		0.6343
1976		0.6732		0.6342
1977		0.6732		0.6342
1978		0.6731		0.6342
1979		0.6731		0.6341
1980		0.6731		0.6341
1981		0.6730		0.6341
1982		0.6730		0.6340
1983		0.6730		0.6340
1984		0.6730		0.6340
1985		0.6729		0.6339
1986		0.6729		0.6339
1987		0.6729		0.6339
1988		0.6729		0.6338
1989		0.6728		0.6338
1990		0.6728		0.6338
1991		0.6728		0.6337
1992		0.6727		0.6337
1993		0.6727		0.6337
1994		0.6727		0.6336
1995		0.6727		0.6336
1996		0.6726		0.6336
1997		0.6726		0.6335
1998		0.6726		0.6335
1999		0.6726		0.6334
2000		0.6725		0.6334
