Epoch	Training Loss	Validation Loss
1		2.2113		2.1430
2		2.2610		2.1362
3		2.2727		2.1327
4		2.2781		2.1304
5		2.2803		2.1289
6		2.2809		2.1276
7		2.2809		2.1265
8		2.2805		2.1254
9		2.2800		2.1244
10		2.2795		2.1233
11		2.2789		2.1223
12		2.2783		2.1213
13		2.2778		2.1203
14		2.2772		2.1192
15		2.2766		2.1182
16		2.2760		2.1172
17		2.2754		2.1161
18		2.2748		2.1151
19		2.2742		2.1141
20		2.2736		2.1130
21		2.2730		2.1120
22		2.2724		2.1110
23		2.2718		2.1099
24		2.2713		2.1089
25		2.2707		2.1079
26		2.2701		2.1068
27		2.2695		2.1058
28		2.2689		2.1048
29		2.2683		2.1037
30		2.2677		2.1027
31		2.2671		2.1017
32		2.2665		2.1006
33		2.2660		2.0996
34		2.2654		2.0985
35		2.2648		2.0975
36		2.2642		2.0965
37		2.2636		2.0954
38		2.2630		2.0944
39		2.2624		2.0933
40		2.2618		2.0923
41		2.2613		2.0913
42		2.2607		2.0902
43		2.2601		2.0892
44		2.2595		2.0881
45		2.2589		2.0871
46		2.2583		2.0860
47		2.2577		2.0850
48		2.2572		2.0839
49		2.2566		2.0829
50		2.2560		2.0818
51		2.2554		2.0808
52		2.2548		2.0797
53		2.2542		2.0787
54		2.2537		2.0776
55		2.2531		2.0766
56		2.2525		2.0755
57		2.2519		2.0745
58		2.2513		2.0734
59		2.2507		2.0724
60		2.2502		2.0713
61		2.2496		2.0703
62		2.2490		2.0692
63		2.2484		2.0682
64		2.2478		2.0671
65		2.2472		2.0661
66		2.2467		2.0650
67		2.2461		2.0640
68		2.2455		2.0629
69		2.2449		2.0619
70		2.2443		2.0608
71		2.2438		2.0597
72		2.2432		2.0587
73		2.2426		2.0576
74		2.2420		2.0566
75		2.2414		2.0555
76		2.2409		2.0545
77		2.2403		2.0534
78		2.2397		2.0523
79		2.2391		2.0513
80		2.2385		2.0502
81		2.2380		2.0492
82		2.2374		2.0481
83		2.2368		2.0470
84		2.2362		2.0460
85		2.2357		2.0449
86		2.2351		2.0438
87		2.2345		2.0428
88		2.2339		2.0417
89		2.2333		2.0407
90		2.2328		2.0396
91		2.2322		2.0385
92		2.2316		2.0375
93		2.2310		2.0364
94		2.2305		2.0353
95		2.2299		2.0343
96		2.2293		2.0332
97		2.2287		2.0321
98		2.2282		2.0311
99		2.2276		2.0300
100		2.2270		2.0289
101		2.2264		2.0279
102		2.2259		2.0268
103		2.2253		2.0257
104		2.2247		2.0247
105		2.2241		2.0236
106		2.2236		2.0225
107		2.2230		2.0214
108		2.2224		2.0204
109		2.2218		2.0193
110		2.2213		2.0182
111		2.2207		2.0172
112		2.2201		2.0161
113		2.2195		2.0150
114		2.2190		2.0140
115		2.2184		2.0129
116		2.2178		2.0118
117		2.2173		2.0107
118		2.2167		2.0097
119		2.2161		2.0086
120		2.2155		2.0075
121		2.2150		2.0064
122		2.2144		2.0054
123		2.2138		2.0043
124		2.2133		2.0032
125		2.2127		2.0021
126		2.2121		2.0011
127		2.2115		2.0000
128		2.2110		1.9989
129		2.2104		1.9978
130		2.2098		1.9968
131		2.2093		1.9957
132		2.2087		1.9946
133		2.2081		1.9935
134		2.2076		1.9925
135		2.2070		1.9914
136		2.2064		1.9903
137		2.2058		1.9892
138		2.2053		1.9881
139		2.2047		1.9871
140		2.2041		1.9860
141		2.2036		1.9849
142		2.2030		1.9838
143		2.2024		1.9828
144		2.2019		1.9817
145		2.2013		1.9806
146		2.2007		1.9795
147		2.2002		1.9784
148		2.1996		1.9774
149		2.1990		1.9763
150		2.1985		1.9752
151		2.1979		1.9741
152		2.1973		1.9730
153		2.1968		1.9720
154		2.1962		1.9709
155		2.1956		1.9698
156		2.1951		1.9687
157		2.1945		1.9676
158		2.1939		1.9665
159		2.1934		1.9655
160		2.1928		1.9644
161		2.1922		1.9633
162		2.1917		1.9622
163		2.1911		1.9611
164		2.1905		1.9600
165		2.1900		1.9590
166		2.1894		1.9579
167		2.1889		1.9568
168		2.1883		1.9557
169		2.1877		1.9546
170		2.1872		1.9535
171		2.1866		1.9525
172		2.1860		1.9514
173		2.1855		1.9503
174		2.1849		1.9492
175		2.1843		1.9481
176		2.1838		1.9470
177		2.1832		1.9460
178		2.1827		1.9449
179		2.1821		1.9438
180		2.1815		1.9427
181		2.1810		1.9416
182		2.1804		1.9405
183		2.1798		1.9394
184		2.1793		1.9384
185		2.1787		1.9373
186		2.1782		1.9362
187		2.1776		1.9351
188		2.1770		1.9340
189		2.1765		1.9329
190		2.1759		1.9319
191		2.1753		1.9308
192		2.1748		1.9297
193		2.1742		1.9286
194		2.1737		1.9275
195		2.1731		1.9264
196		2.1725		1.9253
197		2.1720		1.9242
198		2.1714		1.9232
199		2.1709		1.9221
200		2.1703		1.9210
201		2.1697		1.9199
202		2.1692		1.9188
203		2.1686		1.9177
204		2.1681		1.9166
205		2.1675		1.9156
206		2.1670		1.9145
207		2.1664		1.9134
208		2.1658		1.9123
209		2.1653		1.9112
210		2.1647		1.9101
211		2.1642		1.9090
212		2.1636		1.9080
213		2.1630		1.9069
214		2.1625		1.9058
215		2.1619		1.9047
216		2.1614		1.9036
217		2.1608		1.9025
218		2.1603		1.9014
219		2.1597		1.9003
220		2.1591		1.8993
221		2.1586		1.8982
222		2.1580		1.8971
223		2.1575		1.8960
224		2.1569		1.8949
225		2.1564		1.8938
226		2.1558		1.8927
227		2.1552		1.8917
228		2.1547		1.8906
229		2.1541		1.8895
230		2.1536		1.8884
231		2.1530		1.8873
232		2.1525		1.8862
233		2.1519		1.8851
234		2.1514		1.8840
235		2.1508		1.8830
236		2.1502		1.8819
237		2.1497		1.8808
238		2.1491		1.8797
239		2.1486		1.8786
240		2.1480		1.8775
241		2.1475		1.8764
242		2.1469		1.8754
243		2.1464		1.8743
244		2.1458		1.8732
245		2.1453		1.8721
246		2.1447		1.8710
247		2.1442		1.8699
248		2.1436		1.8688
249		2.1430		1.8678
250		2.1425		1.8667
251		2.1419		1.8656
252		2.1414		1.8645
253		2.1408		1.8634
254		2.1403		1.8623
255		2.1397		1.8613
256		2.1392		1.8602
257		2.1386		1.8591
258		2.1381		1.8580
259		2.1375		1.8569
260		2.1370		1.8558
261		2.1364		1.8547
262		2.1359		1.8537
263		2.1353		1.8526
264		2.1348		1.8515
265		2.1342		1.8504
266		2.1337		1.8493
267		2.1331		1.8482
268		2.1326		1.8472
269		2.1320		1.8461
270		2.1315		1.8450
271		2.1309		1.8439
272		2.1304		1.8428
273		2.1298		1.8417
274		2.1293		1.8407
275		2.1287		1.8396
276		2.1282		1.8385
277		2.1276		1.8374
278		2.1271		1.8363
279		2.1265		1.8353
280		2.1260		1.8342
281		2.1254		1.8331
282		2.1249		1.8320
283		2.1243		1.8309
284		2.1238		1.8299
285		2.1232		1.8288
286		2.1227		1.8277
287		2.1221		1.8266
288		2.1216		1.8255
289		2.1210		1.8245
290		2.1205		1.8234
291		2.1199		1.8223
292		2.1194		1.8212
293		2.1188		1.8201
294		2.1183		1.8191
295		2.1177		1.8180
296		2.1172		1.8169
297		2.1166		1.8158
298		2.1161		1.8148
299		2.1155		1.8137
300		2.1150		1.8126
301		2.1145		1.8115
302		2.1139		1.8104
303		2.1134		1.8094
304		2.1128		1.8083
305		2.1123		1.8072
306		2.1117		1.8061
307		2.1112		1.8051
308		2.1106		1.8040
309		2.1101		1.8029
310		2.1095		1.8018
311		2.1090		1.8008
312		2.1085		1.7997
313		2.1079		1.7986
314		2.1074		1.7975
315		2.1068		1.7965
316		2.1063		1.7954
317		2.1057		1.7943
318		2.1052		1.7933
319		2.1046		1.7922
320		2.1041		1.7911
321		2.1036		1.7900
322		2.1030		1.7890
323		2.1025		1.7879
324		2.1019		1.7868
325		2.1014		1.7858
326		2.1008		1.7847
327		2.1003		1.7836
328		2.0997		1.7825
329		2.0992		1.7815
330		2.0987		1.7804
331		2.0981		1.7793
332		2.0976		1.7783
333		2.0970		1.7772
334		2.0965		1.7761
335		2.0959		1.7751
336		2.0954		1.7740
337		2.0949		1.7729
338		2.0943		1.7719
339		2.0938		1.7708
340		2.0932		1.7697
341		2.0927		1.7687
342		2.0922		1.7676
343		2.0916		1.7665
344		2.0911		1.7655
345		2.0905		1.7644
346		2.0900		1.7633
347		2.0894		1.7623
348		2.0889		1.7612
349		2.0884		1.7602
350		2.0878		1.7591
351		2.0873		1.7580
352		2.0867		1.7570
353		2.0862		1.7559
354		2.0857		1.7548
355		2.0851		1.7538
356		2.0846		1.7527
357		2.0840		1.7517
358		2.0835		1.7506
359		2.0830		1.7496
360		2.0824		1.7485
361		2.0819		1.7474
362		2.0814		1.7464
363		2.0808		1.7453
364		2.0803		1.7443
365		2.0797		1.7432
366		2.0792		1.7421
367		2.0787		1.7411
368		2.0781		1.7400
369		2.0776		1.7390
370		2.0770		1.7379
371		2.0765		1.7369
372		2.0760		1.7358
373		2.0754		1.7348
374		2.0749		1.7337
375		2.0744		1.7327
376		2.0738		1.7316
377		2.0733		1.7306
378		2.0727		1.7295
379		2.0722		1.7285
380		2.0717		1.7274
381		2.0711		1.7264
382		2.0706		1.7253
383		2.0701		1.7243
384		2.0695		1.7232
385		2.0690		1.7222
386		2.0685		1.7211
387		2.0679		1.7201
388		2.0674		1.7190
389		2.0669		1.7180
390		2.0663		1.7169
391		2.0658		1.7159
392		2.0652		1.7148
393		2.0647		1.7138
394		2.0642		1.7127
395		2.0636		1.7117
396		2.0631		1.7107
397		2.0626		1.7096
398		2.0620		1.7086
399		2.0615		1.7075
400		2.0610		1.7065
401		2.0604		1.7055
402		2.0599		1.7044
403		2.0594		1.7034
404		2.0588		1.7023
405		2.0583		1.7013
406		2.0578		1.7003
407		2.0572		1.6992
408		2.0567		1.6982
409		2.0562		1.6971
410		2.0556		1.6961
411		2.0551		1.6951
412		2.0546		1.6940
413		2.0540		1.6930
414		2.0535		1.6920
415		2.0530		1.6909
416		2.0525		1.6899
417		2.0519		1.6889
418		2.0514		1.6878
419		2.0509		1.6868
420		2.0503		1.6858
421		2.0498		1.6847
422		2.0493		1.6837
423		2.0487		1.6827
424		2.0482		1.6817
425		2.0477		1.6806
426		2.0471		1.6796
427		2.0466		1.6786
428		2.0461		1.6775
429		2.0456		1.6765
430		2.0450		1.6755
431		2.0445		1.6745
432		2.0440		1.6734
433		2.0434		1.6724
434		2.0429		1.6714
435		2.0424		1.6704
436		2.0419		1.6694
437		2.0413		1.6683
438		2.0408		1.6673
439		2.0403		1.6663
440		2.0397		1.6653
441		2.0392		1.6643
442		2.0387		1.6632
443		2.0382		1.6622
444		2.0376		1.6612
445		2.0371		1.6602
446		2.0366		1.6592
447		2.0360		1.6582
448		2.0355		1.6571
449		2.0350		1.6561
450		2.0345		1.6551
451		2.0339		1.6541
452		2.0334		1.6531
453		2.0329		1.6521
454		2.0324		1.6511
455		2.0318		1.6500
456		2.0313		1.6490
457		2.0308		1.6480
458		2.0303		1.6470
459		2.0297		1.6460
460		2.0292		1.6450
461		2.0287		1.6440
462		2.0282		1.6430
463		2.0276		1.6420
464		2.0271		1.6410
465		2.0266		1.6400
466		2.0261		1.6390
467		2.0255		1.6380
468		2.0250		1.6370
469		2.0245		1.6360
470		2.0240		1.6350
471		2.0235		1.6340
472		2.0229		1.6330
473		2.0224		1.6320
474		2.0219		1.6310
475		2.0214		1.6300
476		2.0208		1.6290
477		2.0203		1.6280
478		2.0198		1.6270
479		2.0193		1.6260
480		2.0188		1.6250
481		2.0182		1.6240
482		2.0177		1.6230
483		2.0172		1.6220
484		2.0167		1.6210
485		2.0161		1.6200
486		2.0156		1.6190
487		2.0151		1.6180
488		2.0146		1.6170
489		2.0141		1.6161
490		2.0135		1.6151
491		2.0130		1.6141
492		2.0125		1.6131
493		2.0120		1.6121
494		2.0115		1.6111
495		2.0109		1.6101
496		2.0104		1.6092
497		2.0099		1.6082
498		2.0094		1.6072
499		2.0089		1.6062
500		2.0084		1.6052
501		2.0078		1.6042
502		2.0073		1.6033
503		2.0068		1.6023
504		2.0063		1.6013
505		2.0058		1.6003
506		2.0053		1.5994
507		2.0047		1.5984
508		2.0042		1.5974
509		2.0037		1.5964
510		2.0032		1.5955
511		2.0027		1.5945
512		2.0022		1.5935
513		2.0016		1.5925
514		2.0011		1.5916
515		2.0006		1.5906
516		2.0001		1.5896
517		1.9996		1.5887
518		1.9991		1.5877
519		1.9985		1.5867
520		1.9980		1.5858
521		1.9975		1.5848
522		1.9970		1.5838
523		1.9965		1.5829
524		1.9960		1.5819
525		1.9955		1.5809
526		1.9949		1.5800
527		1.9944		1.5790
528		1.9939		1.5780
529		1.9934		1.5771
530		1.9929		1.5761
531		1.9924		1.5752
532		1.9919		1.5742
533		1.9914		1.5733
534		1.9909		1.5723
535		1.9903		1.5713
536		1.9898		1.5704
537		1.9893		1.5694
538		1.9888		1.5685
539		1.9883		1.5675
540		1.9878		1.5666
541		1.9873		1.5656
542		1.9868		1.5647
543		1.9863		1.5637
544		1.9857		1.5628
545		1.9852		1.5618
546		1.9847		1.5609
547		1.9842		1.5599
548		1.9837		1.5590
549		1.9832		1.5581
550		1.9827		1.5571
551		1.9822		1.5562
552		1.9817		1.5552
553		1.9812		1.5543
554		1.9807		1.5533
555		1.9802		1.5524
556		1.9796		1.5515
557		1.9791		1.5505
558		1.9786		1.5496
559		1.9781		1.5487
560		1.9776		1.5477
561		1.9771		1.5468
562		1.9766		1.5459
563		1.9761		1.5449
564		1.9756		1.5440
565		1.9751		1.5431
566		1.9746		1.5421
567		1.9741		1.5412
568		1.9736		1.5403
569		1.9731		1.5393
570		1.9726		1.5384
571		1.9721		1.5375
572		1.9716		1.5366
573		1.9711		1.5356
574		1.9706		1.5347
575		1.9701		1.5338
576		1.9695		1.5329
577		1.9690		1.5319
578		1.9685		1.5310
579		1.9680		1.5301
580		1.9675		1.5292
581		1.9670		1.5283
582		1.9665		1.5273
583		1.9660		1.5264
584		1.9655		1.5255
585		1.9650		1.5246
586		1.9645		1.5237
587		1.9640		1.5228
588		1.9635		1.5219
589		1.9630		1.5210
590		1.9625		1.5200
591		1.9620		1.5191
592		1.9615		1.5182
593		1.9610		1.5173
594		1.9605		1.5164
595		1.9600		1.5155
596		1.9595		1.5146
597		1.9590		1.5137
598		1.9585		1.5128
599		1.9580		1.5119
600		1.9575		1.5110
601		1.9571		1.5101
602		1.9566		1.5092
603		1.9561		1.5083
604		1.9556		1.5074
605		1.9551		1.5065
606		1.9546		1.5056
607		1.9541		1.5047
608		1.9536		1.5038
609		1.9531		1.5029
610		1.9526		1.5020
611		1.9521		1.5011
612		1.9516		1.5002
613		1.9511		1.4994
614		1.9506		1.4985
615		1.9501		1.4976
616		1.9496		1.4967
617		1.9491		1.4958
618		1.9486		1.4949
619		1.9481		1.4940
620		1.9477		1.4931
621		1.9472		1.4923
622		1.9467		1.4914
623		1.9462		1.4905
624		1.9457		1.4896
625		1.9452		1.4887
626		1.9447		1.4879
627		1.9442		1.4870
628		1.9437		1.4861
629		1.9432		1.4852
630		1.9427		1.4844
631		1.9423		1.4835
632		1.9418		1.4826
633		1.9413		1.4817
634		1.9408		1.4809
635		1.9403		1.4800
636		1.9398		1.4791
637		1.9393		1.4783
638		1.9388		1.4774
639		1.9383		1.4765
640		1.9379		1.4757
641		1.9374		1.4748
642		1.9369		1.4739
643		1.9364		1.4731
644		1.9359		1.4722
645		1.9354		1.4714
646		1.9349		1.4705
647		1.9344		1.4696
648		1.9340		1.4688
649		1.9335		1.4679
650		1.9330		1.4671
651		1.9325		1.4662
652		1.9320		1.4654
653		1.9315		1.4645
654		1.9311		1.4637
655		1.9306		1.4628
656		1.9301		1.4620
657		1.9296		1.4611
658		1.9291		1.4603
659		1.9286		1.4594
660		1.9282		1.4586
661		1.9277		1.4577
662		1.9272		1.4569
663		1.9267		1.4560
664		1.9262		1.4552
665		1.9257		1.4543
666		1.9253		1.4535
667		1.9248		1.4527
668		1.9243		1.4518
669		1.9238		1.4510
670		1.9233		1.4502
671		1.9229		1.4493
672		1.9224		1.4485
673		1.9219		1.4477
674		1.9214		1.4468
675		1.9209		1.4460
676		1.9205		1.4452
677		1.9200		1.4443
678		1.9195		1.4435
679		1.9190		1.4427
680		1.9186		1.4418
681		1.9181		1.4410
682		1.9176		1.4402
683		1.9171		1.4394
684		1.9167		1.4385
685		1.9162		1.4377
686		1.9157		1.4369
687		1.9152		1.4361
688		1.9148		1.4353
689		1.9143		1.4344
690		1.9138		1.4336
691		1.9133		1.4328
692		1.9129		1.4320
693		1.9124		1.4312
694		1.9119		1.4304
695		1.9114		1.4296
696		1.9110		1.4288
697		1.9105		1.4279
698		1.9100		1.4271
699		1.9095		1.4263
700		1.9091		1.4255
701		1.9086		1.4247
702		1.9081		1.4239
703		1.9077		1.4231
704		1.9072		1.4223
705		1.9067		1.4215
706		1.9062		1.4207
707		1.9058		1.4199
708		1.9053		1.4191
709		1.9048		1.4183
710		1.9044		1.4175
711		1.9039		1.4167
712		1.9034		1.4159
713		1.9030		1.4151
714		1.9025		1.4143
715		1.9020		1.4135
716		1.9016		1.4128
717		1.9011		1.4120
718		1.9006		1.4112
719		1.9002		1.4104
720		1.8997		1.4096
721		1.8992		1.4088
722		1.8988		1.4080
723		1.8983		1.4072
724		1.8978		1.4065
725		1.8974		1.4057
726		1.8969		1.4049
727		1.8964		1.4041
728		1.8960		1.4033
729		1.8955		1.4026
730		1.8950		1.4018
731		1.8946		1.4010
732		1.8941		1.4002
733		1.8936		1.3995
734		1.8932		1.3987
735		1.8927		1.3979
736		1.8923		1.3972
737		1.8918		1.3964
738		1.8913		1.3956
739		1.8909		1.3949
740		1.8904		1.3941
741		1.8900		1.3933
742		1.8895		1.3926
743		1.8890		1.3918
744		1.8886		1.3910
745		1.8881		1.3903
746		1.8877		1.3895
747		1.8872		1.3888
748		1.8867		1.3880
749		1.8863		1.3872
750		1.8858		1.3865
751		1.8854		1.3857
752		1.8849		1.3850
753		1.8844		1.3842
754		1.8840		1.3835
755		1.8835		1.3827
756		1.8831		1.3820
757		1.8826		1.3812
758		1.8822		1.3805
759		1.8817		1.3797
760		1.8812		1.3790
761		1.8808		1.3783
762		1.8803		1.3775
763		1.8799		1.3768
764		1.8794		1.3760
765		1.8790		1.3753
766		1.8785		1.3746
767		1.8781		1.3738
768		1.8776		1.3731
769		1.8772		1.3724
770		1.8767		1.3716
771		1.8762		1.3709
772		1.8758		1.3702
773		1.8753		1.3694
774		1.8749		1.3687
775		1.8744		1.3680
776		1.8740		1.3672
777		1.8735		1.3665
778		1.8731		1.3658
779		1.8726		1.3651
780		1.8722		1.3643
781		1.8717		1.3636
782		1.8713		1.3629
783		1.8708		1.3622
784		1.8704		1.3615
785		1.8699		1.3608
786		1.8695		1.3600
787		1.8690		1.3593
788		1.8686		1.3586
789		1.8681		1.3579
790		1.8677		1.3572
791		1.8672		1.3565
792		1.8668		1.3558
793		1.8664		1.3551
794		1.8659		1.3544
795		1.8655		1.3536
796		1.8650		1.3529
797		1.8646		1.3522
798		1.8641		1.3515
799		1.8637		1.3508
800		1.8632		1.3501
801		1.8628		1.3494
802		1.8623		1.3487
803		1.8619		1.3480
804		1.8615		1.3473
805		1.8610		1.3466
806		1.8606		1.3460
807		1.8601		1.3453
808		1.8597		1.3446
809		1.8592		1.3439
810		1.8588		1.3432
811		1.8584		1.3425
812		1.8579		1.3418
813		1.8575		1.3411
814		1.8570		1.3404
815		1.8566		1.3398
816		1.8561		1.3391
817		1.8557		1.3384
818		1.8553		1.3377
819		1.8548		1.3370
820		1.8544		1.3364
821		1.8539		1.3357
822		1.8535		1.3350
823		1.8531		1.3343
824		1.8526		1.3337
825		1.8522		1.3330
826		1.8517		1.3323
827		1.8513		1.3316
828		1.8509		1.3310
829		1.8504		1.3303
830		1.8500		1.3296
831		1.8496		1.3290
832		1.8491		1.3283
833		1.8487		1.3277
834		1.8483		1.3270
835		1.8478		1.3263
836		1.8474		1.3257
837		1.8469		1.3250
838		1.8465		1.3244
839		1.8461		1.3237
840		1.8456		1.3230
841		1.8452		1.3224
842		1.8448		1.3217
843		1.8443		1.3211
844		1.8439		1.3204
845		1.8435		1.3198
846		1.8430		1.3191
847		1.8426		1.3185
848		1.8422		1.3178
849		1.8417		1.3172
850		1.8413		1.3166
851		1.8409		1.3159
852		1.8404		1.3153
853		1.8400		1.3146
854		1.8396		1.3140
855		1.8392		1.3134
856		1.8387		1.3127
857		1.8383		1.3121
858		1.8379		1.3115
859		1.8374		1.3108
860		1.8370		1.3102
861		1.8366		1.3096
862		1.8361		1.3089
863		1.8357		1.3083
864		1.8353		1.3077
865		1.8349		1.3070
866		1.8344		1.3064
867		1.8340		1.3058
868		1.8336		1.3052
869		1.8331		1.3046
870		1.8327		1.3039
871		1.8323		1.3033
872		1.8319		1.3027
873		1.8314		1.3021
874		1.8310		1.3015
875		1.8306		1.3009
876		1.8302		1.3002
877		1.8297		1.2996
878		1.8293		1.2990
879		1.8289		1.2984
880		1.8285		1.2978
881		1.8280		1.2972
882		1.8276		1.2966
883		1.8272		1.2960
884		1.8268		1.2954
885		1.8263		1.2948
886		1.8259		1.2942
887		1.8255		1.2936
888		1.8251		1.2930
889		1.8247		1.2924
890		1.8242		1.2918
891		1.8238		1.2912
892		1.8234		1.2906
893		1.8230		1.2900
894		1.8225		1.2894
895		1.8221		1.2888
896		1.8217		1.2882
897		1.8213		1.2876
898		1.8209		1.2871
899		1.8204		1.2865
900		1.8200		1.2859
901		1.8196		1.2853
902		1.8192		1.2847
903		1.8188		1.2841
904		1.8183		1.2836
905		1.8179		1.2830
906		1.8175		1.2824
907		1.8171		1.2818
908		1.8167		1.2812
909		1.8163		1.2807
910		1.8158		1.2801
911		1.8154		1.2795
912		1.8150		1.2790
913		1.8146		1.2784
914		1.8142		1.2778
915		1.8138		1.2773
916		1.8133		1.2767
917		1.8129		1.2761
918		1.8125		1.2756
919		1.8121		1.2750
920		1.8117		1.2744
921		1.8113		1.2739
922		1.8109		1.2733
923		1.8104		1.2728
924		1.8100		1.2722
925		1.8096		1.2717
926		1.8092		1.2711
927		1.8088		1.2706
928		1.8084		1.2700
929		1.8080		1.2695
930		1.8076		1.2689
931		1.8071		1.2684
932		1.8067		1.2678
933		1.8063		1.2673
934		1.8059		1.2667
935		1.8055		1.2662
936		1.8051		1.2656
937		1.8047		1.2651
938		1.8043		1.2646
939		1.8039		1.2640
940		1.8034		1.2635
941		1.8030		1.2630
942		1.8026		1.2624
943		1.8022		1.2619
944		1.8018		1.2614
945		1.8014		1.2608
946		1.8010		1.2603
947		1.8006		1.2598
948		1.8002		1.2592
949		1.7998		1.2587
950		1.7994		1.2582
951		1.7990		1.2577
952		1.7985		1.2572
953		1.7981		1.2566
954		1.7977		1.2561
955		1.7973		1.2556
956		1.7969		1.2551
957		1.7965		1.2546
958		1.7961		1.2540
959		1.7957		1.2535
960		1.7953		1.2530
961		1.7949		1.2525
962		1.7945		1.2520
963		1.7941		1.2515
964		1.7937		1.2510
965		1.7933		1.2505
966		1.7929		1.2500
967		1.7925		1.2495
968		1.7921		1.2490
969		1.7917		1.2485
970		1.7913		1.2480
971		1.7909		1.2475
972		1.7905		1.2470
973		1.7901		1.2465
974		1.7897		1.2460
975		1.7893		1.2455
976		1.7889		1.2450
977		1.7885		1.2445
978		1.7881		1.2440
979		1.7877		1.2435
980		1.7873		1.2431
981		1.7869		1.2426
982		1.7865		1.2421
983		1.7861		1.2416
984		1.7857		1.2411
985		1.7853		1.2406
986		1.7849		1.2402
987		1.7845		1.2397
988		1.7841		1.2392
989		1.7837		1.2387
990		1.7833		1.2382
991		1.7829		1.2378
992		1.7825		1.2373
993		1.7821		1.2368
994		1.7817		1.2364
995		1.7813		1.2359
996		1.7809		1.2354
997		1.7805		1.2350
998		1.7801		1.2345
999		1.7797		1.2340
1000		1.7793		1.2336
1001		1.7789		1.2331
1002		1.7785		1.2327
1003		1.7781		1.2322
1004		1.7777		1.2317
1005		1.7773		1.2313
1006		1.7769		1.2308
1007		1.7765		1.2304
1008		1.7761		1.2299
1009		1.7758		1.2295
1010		1.7754		1.2290
1011		1.7750		1.2286
1012		1.7746		1.2281
1013		1.7742		1.2277
1014		1.7738		1.2272
1015		1.7734		1.2268
1016		1.7730		1.2263
1017		1.7726		1.2259
1018		1.7722		1.2255
1019		1.7718		1.2250
1020		1.7714		1.2246
1021		1.7711		1.2242
1022		1.7707		1.2237
1023		1.7703		1.2233
1024		1.7699		1.2229
1025		1.7695		1.2224
1026		1.7691		1.2220
1027		1.7687		1.2216
1028		1.7683		1.2211
1029		1.7679		1.2207
1030		1.7676		1.2203
1031		1.7672		1.2199
1032		1.7668		1.2194
1033		1.7664		1.2190
1034		1.7660		1.2186
1035		1.7656		1.2182
1036		1.7652		1.2178
1037		1.7648		1.2173
1038		1.7645		1.2169
1039		1.7641		1.2165
1040		1.7637		1.2161
1041		1.7633		1.2157
1042		1.7629		1.2153
1043		1.7625		1.2149
1044		1.7621		1.2145
1045		1.7618		1.2141
1046		1.7614		1.2137
1047		1.7610		1.2133
1048		1.7606		1.2129
1049		1.7602		1.2125
1050		1.7598		1.2121
1051		1.7595		1.2117
1052		1.7591		1.2113
1053		1.7587		1.2109
1054		1.7583		1.2105
1055		1.7579		1.2101
1056		1.7575		1.2097
1057		1.7572		1.2093
1058		1.7568		1.2089
1059		1.7564		1.2085
1060		1.7560		1.2081
1061		1.7556		1.2077
1062		1.7553		1.2074
1063		1.7549		1.2070
1064		1.7545		1.2066
1065		1.7541		1.2062
1066		1.7537		1.2058
1067		1.7534		1.2055
1068		1.7530		1.2051
1069		1.7526		1.2047
1070		1.7522		1.2043
1071		1.7518		1.2039
1072		1.7515		1.2036
1073		1.7511		1.2032
1074		1.7507		1.2028
1075		1.7503		1.2025
1076		1.7500		1.2021
1077		1.7496		1.2017
1078		1.7492		1.2014
1079		1.7488		1.2010
1080		1.7484		1.2006
1081		1.7481		1.2003
1082		1.7477		1.1999
1083		1.7473		1.1996
1084		1.7469		1.1992
1085		1.7466		1.1988
1086		1.7462		1.1985
1087		1.7458		1.1981
1088		1.7454		1.1978
1089		1.7451		1.1974
1090		1.7447		1.1971
1091		1.7443		1.1967
1092		1.7439		1.1964
1093		1.7436		1.1960
1094		1.7432		1.1957
1095		1.7428		1.1954
1096		1.7425		1.1950
1097		1.7421		1.1947
1098		1.7417		1.1943
1099		1.7413		1.1940
1100		1.7410		1.1937
1101		1.7406		1.1933
1102		1.7402		1.1930
1103		1.7399		1.1927
1104		1.7395		1.1923
1105		1.7391		1.1920
1106		1.7387		1.1917
1107		1.7384		1.1913
1108		1.7380		1.1910
1109		1.7376		1.1907
1110		1.7373		1.1904
1111		1.7369		1.1900
1112		1.7365		1.1897
1113		1.7362		1.1894
1114		1.7358		1.1891
1115		1.7354		1.1887
1116		1.7351		1.1884
1117		1.7347		1.1881
1118		1.7343		1.1878
1119		1.7340		1.1875
1120		1.7336		1.1872
1121		1.7332		1.1869
1122		1.7329		1.1865
1123		1.7325		1.1862
1124		1.7321		1.1859
1125		1.7318		1.1856
1126		1.7314		1.1853
1127		1.7310		1.1850
1128		1.7307		1.1847
1129		1.7303		1.1844
1130		1.7299		1.1841
1131		1.7296		1.1838
1132		1.7292		1.1835
1133		1.7288		1.1832
1134		1.7285		1.1829
1135		1.7281		1.1826
1136		1.7278		1.1823
1137		1.7274		1.1820
1138		1.7270		1.1818
1139		1.7267		1.1815
1140		1.7263		1.1812
1141		1.7259		1.1809
1142		1.7256		1.1806
1143		1.7252		1.1803
1144		1.7249		1.1800
1145		1.7245		1.1798
1146		1.7241		1.1795
1147		1.7238		1.1792
1148		1.7234		1.1789
1149		1.7231		1.1786
1150		1.7227		1.1784
1151		1.7223		1.1781
1152		1.7220		1.1778
1153		1.7216		1.1775
1154		1.7213		1.1773
1155		1.7209		1.1770
1156		1.7205		1.1767
1157		1.7202		1.1765
1158		1.7198		1.1762
1159		1.7195		1.1759
1160		1.7191		1.1757
1161		1.7188		1.1754
1162		1.7184		1.1751
1163		1.7180		1.1749
1164		1.7177		1.1746
1165		1.7173		1.1744
1166		1.7170		1.1741
1167		1.7166		1.1739
1168		1.7163		1.1736
1169		1.7159		1.1734
1170		1.7156		1.1731
1171		1.7152		1.1729
1172		1.7148		1.1726
1173		1.7145		1.1724
1174		1.7141		1.1721
1175		1.7138		1.1719
1176		1.7134		1.1716
1177		1.7131		1.1714
1178		1.7127		1.1711
1179		1.7124		1.1709
1180		1.7120		1.1707
1181		1.7117		1.1704
1182		1.7113		1.1702
1183		1.7110		1.1699
1184		1.7106		1.1697
1185		1.7103		1.1695
1186		1.7099		1.1692
1187		1.7096		1.1690
1188		1.7092		1.1688
1189		1.7089		1.1686
1190		1.7085		1.1683
1191		1.7082		1.1681
1192		1.7078		1.1679
1193		1.7075		1.1677
1194		1.7071		1.1674
1195		1.7068		1.1672
1196		1.7064		1.1670
1197		1.7061		1.1668
1198		1.7057		1.1666
1199		1.7054		1.1663
1200		1.7050		1.1661
1201		1.7047		1.1659
1202		1.7043		1.1657
1203		1.7040		1.1655
1204		1.7036		1.1653
1205		1.7033		1.1651
1206		1.7029		1.1649
1207		1.7026		1.1646
1208		1.7022		1.1644
1209		1.7019		1.1642
1210		1.7015		1.1640
1211		1.7012		1.1638
1212		1.7009		1.1636
1213		1.7005		1.1634
1214		1.7002		1.1632
1215		1.6998		1.1630
1216		1.6995		1.1628
1217		1.6991		1.1626
1218		1.6988		1.1624
1219		1.6984		1.1623
1220		1.6981		1.1621
1221		1.6978		1.1619
1222		1.6974		1.1617
1223		1.6971		1.1615
1224		1.6967		1.1613
1225		1.6964		1.1611
1226		1.6960		1.1609
1227		1.6957		1.1608
1228		1.6954		1.1606
1229		1.6950		1.1604
1230		1.6947		1.1602
1231		1.6943		1.1600
1232		1.6940		1.1599
1233		1.6937		1.1597
1234		1.6933		1.1595
1235		1.6930		1.1593
1236		1.6926		1.1592
1237		1.6923		1.1590
1238		1.6920		1.1588
1239		1.6916		1.1586
1240		1.6913		1.1585
1241		1.6909		1.1583
1242		1.6906		1.1581
1243		1.6903		1.1580
1244		1.6899		1.1578
1245		1.6896		1.1576
1246		1.6893		1.1575
1247		1.6889		1.1573
1248		1.6886		1.1572
1249		1.6882		1.1570
1250		1.6879		1.1568
1251		1.6876		1.1567
1252		1.6872		1.1565
1253		1.6869		1.1564
1254		1.6866		1.1562
1255		1.6862		1.1561
1256		1.6859		1.1559
1257		1.6856		1.1558
1258		1.6852		1.1556
1259		1.6849		1.1555
1260		1.6846		1.1553
1261		1.6842		1.1552
1262		1.6839		1.1551
1263		1.6835		1.1549
1264		1.6832		1.1548
1265		1.6829		1.1546
1266		1.6825		1.1545
1267		1.6822		1.1544
1268		1.6819		1.1542
1269		1.6816		1.1541
1270		1.6812		1.1539
1271		1.6809		1.1538
1272		1.6806		1.1537
1273		1.6802		1.1535
1274		1.6799		1.1534
1275		1.6796		1.1533
1276		1.6792		1.1532
1277		1.6789		1.1530
1278		1.6786		1.1529
1279		1.6782		1.1528
1280		1.6779		1.1527
1281		1.6776		1.1525
1282		1.6772		1.1524
1283		1.6769		1.1523
1284		1.6766		1.1522
1285		1.6763		1.1521
1286		1.6759		1.1519
1287		1.6756		1.1518
1288		1.6753		1.1517
1289		1.6749		1.1516
1290		1.6746		1.1515
1291		1.6743		1.1514
1292		1.6740		1.1513
1293		1.6736		1.1512
1294		1.6733		1.1511
1295		1.6730		1.1509
1296		1.6727		1.1508
1297		1.6723		1.1507
1298		1.6720		1.1506
1299		1.6717		1.1505
1300		1.6714		1.1504
1301		1.6710		1.1503
1302		1.6707		1.1502
1303		1.6704		1.1501
1304		1.6700		1.1500
1305		1.6697		1.1499
1306		1.6694		1.1498
1307		1.6691		1.1497
1308		1.6688		1.1497
1309		1.6684		1.1496
1310		1.6681		1.1495
1311		1.6678		1.1494
1312		1.6675		1.1493
1313		1.6671		1.1492
1314		1.6668		1.1491
1315		1.6665		1.1490
1316		1.6662		1.1489
1317		1.6658		1.1489
1318		1.6655		1.1488
1319		1.6652		1.1487
1320		1.6649		1.1486
1321		1.6646		1.1485
1322		1.6642		1.1485
1323		1.6639		1.1484
1324		1.6636		1.1483
1325		1.6633		1.1482
1326		1.6629		1.1482
1327		1.6626		1.1481
1328		1.6623		1.1480
1329		1.6620		1.1479
1330		1.6617		1.1479
1331		1.6613		1.1478
1332		1.6610		1.1477
1333		1.6607		1.1477
1334		1.6604		1.1476
1335		1.6601		1.1475
1336		1.6598		1.1475
1337		1.6594		1.1474
1338		1.6591		1.1474
1339		1.6588		1.1473
1340		1.6585		1.1472
1341		1.6582		1.1472
1342		1.6578		1.1471
1343		1.6575		1.1471
1344		1.6572		1.1470
1345		1.6569		1.1470
1346		1.6566		1.1469
1347		1.6563		1.1468
1348		1.6559		1.1468
1349		1.6556		1.1467
1350		1.6553		1.1467
1351		1.6550		1.1466
1352		1.6547		1.1466
1353		1.6544		1.1465
1354		1.6540		1.1465
1355		1.6537		1.1465
1356		1.6534		1.1464
1357		1.6531		1.1464
1358		1.6528		1.1463
1359		1.6525		1.1463
1360		1.6522		1.1463
1361		1.6518		1.1462
1362		1.6515		1.1462
1363		1.6512		1.1461
1364		1.6509		1.1461
1365		1.6506		1.1461
1366		1.6503		1.1460
1367		1.6500		1.1460
1368		1.6496		1.1460
1369		1.6493		1.1459
1370		1.6490		1.1459
1371		1.6487		1.1459
1372		1.6484		1.1459
1373		1.6481		1.1458
1374		1.6478		1.1458
1375		1.6475		1.1458
1376		1.6472		1.1457
1377		1.6468		1.1457
1378		1.6465		1.1457
1379		1.6462		1.1457
1380		1.6459		1.1457
1381		1.6456		1.1456
1382		1.6453		1.1456
1383		1.6450		1.1456
1384		1.6447		1.1456
1385		1.6444		1.1456
1386		1.6440		1.1456
1387		1.6437		1.1455
1388		1.6434		1.1455
1389		1.6431		1.1455
1390		1.6428		1.1455
1391		1.6425		1.1455
1392		1.6422		1.1455
1393		1.6419		1.1455
1394		1.6416		1.1455
1395		1.6413		1.1455
1396		1.6410		1.1455
1397		1.6407		1.1455
1398		1.6403		1.1455
1399		1.6400		1.1454
1400		1.6397		1.1454
1401		1.6394		1.1454
1402		1.6391		1.1454
1403		1.6388		1.1454
1404		1.6385		1.1454
1405		1.6382		1.1454
1406		1.6379		1.1455
1407		1.6376		1.1455
1408		1.6373		1.1455
1409		1.6370		1.1455
1410		1.6367		1.1455
1411		1.6364		1.1455
1412		1.6361		1.1455
1413		1.6357		1.1455
1414		1.6354		1.1455
1415		1.6351		1.1455
1416		1.6348		1.1455
1417		1.6345		1.1455
1418		1.6342		1.1456
1419		1.6339		1.1456
1420		1.6336		1.1456
1421		1.6333		1.1456
1422		1.6330		1.1456
1423		1.6327		1.1456
1424		1.6324		1.1457
1425		1.6321		1.1457
1426		1.6318		1.1457
1427		1.6315		1.1457
1428		1.6312		1.1457
1429		1.6309		1.1458
1430		1.6306		1.1458
1431		1.6303		1.1458
1432		1.6300		1.1458
1433		1.6297		1.1459
1434		1.6294		1.1459
1435		1.6291		1.1459
1436		1.6288		1.1460
1437		1.6285		1.1460
1438		1.6282		1.1460
1439		1.6279		1.1460
1440		1.6276		1.1461
1441		1.6273		1.1461
1442		1.6270		1.1461
1443		1.6267		1.1462
1444		1.6264		1.1462
1445		1.6261		1.1463
1446		1.6258		1.1463
1447		1.6255		1.1463
1448		1.6252		1.1464
1449		1.6249		1.1464
1450		1.6246		1.1464
1451		1.6243		1.1465
1452		1.6240		1.1465
1453		1.6237		1.1466
1454		1.6234		1.1466
1455		1.6231		1.1467
1456		1.6228		1.1467
1457		1.6225		1.1467
1458		1.6222		1.1468
1459		1.6219		1.1468
1460		1.6216		1.1469
1461		1.6213		1.1469
1462		1.6210		1.1470
1463		1.6207		1.1470
1464		1.6204		1.1471
1465		1.6201		1.1471
1466		1.6198		1.1472
1467		1.6195		1.1472
1468		1.6192		1.1473
1469		1.6189		1.1474
1470		1.6186		1.1474
1471		1.6183		1.1475
1472		1.6180		1.1475
1473		1.6177		1.1476
1474		1.6174		1.1476
1475		1.6171		1.1477
1476		1.6168		1.1478
1477		1.6165		1.1478
1478		1.6162		1.1479
1479		1.6159		1.1479
1480		1.6156		1.1480
1481		1.6153		1.1481
1482		1.6150		1.1481
1483		1.6147		1.1482
1484		1.6144		1.1483
1485		1.6141		1.1483
1486		1.6138		1.1484
1487		1.6135		1.1485
1488		1.6132		1.1485
1489		1.6130		1.1486
1490		1.6127		1.1487
1491		1.6124		1.1487
1492		1.6121		1.1488
1493		1.6118		1.1489
1494		1.6115		1.1490
1495		1.6112		1.1490
1496		1.6109		1.1491
1497		1.6106		1.1492
1498		1.6103		1.1493
1499		1.6100		1.1493
1500		1.6097		1.1494
1501		1.6094		1.1495
1502		1.6091		1.1496
1503		1.6088		1.1497
1504		1.6085		1.1497
1505		1.6082		1.1498
1506		1.6080		1.1499
1507		1.6077		1.1500
1508		1.6074		1.1501
1509		1.6071		1.1501
1510		1.6068		1.1502
1511		1.6065		1.1503
1512		1.6062		1.1504
1513		1.6059		1.1505
1514		1.6056		1.1506
1515		1.6053		1.1506
1516		1.6050		1.1507
1517		1.6047		1.1508
1518		1.6044		1.1509
1519		1.6042		1.1510
1520		1.6039		1.1511
1521		1.6036		1.1512
1522		1.6033		1.1513
1523		1.6030		1.1514
1524		1.6027		1.1515
1525		1.6024		1.1516
1526		1.6021		1.1516
1527		1.6018		1.1517
1528		1.6015		1.1518
1529		1.6012		1.1519
1530		1.6010		1.1520
1531		1.6007		1.1521
1532		1.6004		1.1522
1533		1.6001		1.1523
1534		1.5998		1.1524
1535		1.5995		1.1525
1536		1.5992		1.1526
1537		1.5989		1.1527
1538		1.5986		1.1528
1539		1.5983		1.1529
1540		1.5980		1.1530
1541		1.5978		1.1531
1542		1.5975		1.1532
1543		1.5972		1.1533
1544		1.5969		1.1534
1545		1.5966		1.1535
1546		1.5963		1.1536
1547		1.5960		1.1538
1548		1.5957		1.1539
1549		1.5954		1.1540
1550		1.5952		1.1541
1551		1.5949		1.1542
1552		1.5946		1.1543
1553		1.5943		1.1544
1554		1.5940		1.1545
1555		1.5937		1.1546
1556		1.5934		1.1547
1557		1.5931		1.1548
1558		1.5928		1.1550
1559		1.5926		1.1551
1560		1.5923		1.1552
1561		1.5920		1.1553
1562		1.5917		1.1554
1563		1.5914		1.1555
1564		1.5911		1.1556
1565		1.5908		1.1558
1566		1.5905		1.1559
1567		1.5903		1.1560
1568		1.5900		1.1561
1569		1.5897		1.1562
1570		1.5894		1.1563
1571		1.5891		1.1565
1572		1.5888		1.1566
1573		1.5885		1.1567
1574		1.5882		1.1568
1575		1.5880		1.1569
1576		1.5877		1.1571
1577		1.5874		1.1572
1578		1.5871		1.1573
1579		1.5868		1.1574
1580		1.5865		1.1576
1581		1.5862		1.1577
1582		1.5860		1.1578
1583		1.5857		1.1579
1584		1.5854		1.1580
1585		1.5851		1.1582
1586		1.5848		1.1583
1587		1.5845		1.1584
1588		1.5842		1.1586
1589		1.5840		1.1587
1590		1.5837		1.1588
1591		1.5834		1.1589
1592		1.5831		1.1591
1593		1.5828		1.1592
1594		1.5825		1.1593
1595		1.5822		1.1595
1596		1.5820		1.1596
1597		1.5817		1.1597
1598		1.5814		1.1599
1599		1.5811		1.1600
1600		1.5808		1.1601
1601		1.5805		1.1602
1602		1.5802		1.1604
1603		1.5800		1.1605
1604		1.5797		1.1606
1605		1.5794		1.1608
1606		1.5791		1.1609
1607		1.5788		1.1611
1608		1.5785		1.1612
1609		1.5783		1.1613
1610		1.5780		1.1615
1611		1.5777		1.1616
1612		1.5774		1.1617
1613		1.5771		1.1619
1614		1.5768		1.1620
1615		1.5765		1.1621
1616		1.5763		1.1623
1617		1.5760		1.1624
1618		1.5757		1.1626
1619		1.5754		1.1627
1620		1.5751		1.1628
1621		1.5748		1.1630
1622		1.5746		1.1631
1623		1.5743		1.1633
1624		1.5740		1.1634
1625		1.5737		1.1636
1626		1.5734		1.1637
1627		1.5731		1.1638
1628		1.5729		1.1640
1629		1.5726		1.1641
1630		1.5723		1.1643
1631		1.5720		1.1644
1632		1.5717		1.1646
1633		1.5714		1.1647
1634		1.5712		1.1649
1635		1.5709		1.1650
1636		1.5706		1.1651
1637		1.5703		1.1653
1638		1.5700		1.1654
1639		1.5697		1.1656
1640		1.5695		1.1657
1641		1.5692		1.1659
1642		1.5689		1.1660
1643		1.5686		1.1662
1644		1.5683		1.1663
1645		1.5680		1.1665
1646		1.5678		1.1666
1647		1.5675		1.1668
1648		1.5672		1.1669
1649		1.5669		1.1671
1650		1.5666		1.1672
1651		1.5663		1.1674
1652		1.5661		1.1675
1653		1.5658		1.1677
1654		1.5655		1.1678
1655		1.5652		1.1680
1656		1.5649		1.1681
1657		1.5647		1.1683
1658		1.5644		1.1684
1659		1.5641		1.1686
1660		1.5638		1.1687
1661		1.5635		1.1689
1662		1.5632		1.1690
1663		1.5630		1.1692
1664		1.5627		1.1693
1665		1.5624		1.1695
1666		1.5621		1.1697
1667		1.5618		1.1698
1668		1.5616		1.1700
1669		1.5613		1.1701
1670		1.5610		1.1703
1671		1.5607		1.1704
1672		1.5604		1.1706
1673		1.5601		1.1707
1674		1.5599		1.1709
1675		1.5596		1.1711
1676		1.5593		1.1712
1677		1.5590		1.1714
1678		1.5587		1.1715
1679		1.5585		1.1717
1680		1.5582		1.1718
1681		1.5579		1.1720
1682		1.5576		1.1722
1683		1.5573		1.1723
1684		1.5570		1.1725
1685		1.5568		1.1726
1686		1.5565		1.1728
1687		1.5562		1.1729
1688		1.5559		1.1731
1689		1.5556		1.1733
1690		1.5554		1.1734
1691		1.5551		1.1736
1692		1.5548		1.1737
1693		1.5545		1.1739
1694		1.5542		1.1741
1695		1.5540		1.1742
1696		1.5537		1.1744
1697		1.5534		1.1745
1698		1.5531		1.1747
1699		1.5528		1.1749
1700		1.5525		1.1750
1701		1.5523		1.1752
1702		1.5520		1.1753
1703		1.5517		1.1755
1704		1.5514		1.1757
1705		1.5511		1.1758
1706		1.5509		1.1760
1707		1.5506		1.1761
1708		1.5503		1.1763
1709		1.5500		1.1765
1710		1.5497		1.1766
1711		1.5495		1.1768
1712		1.5492		1.1769
1713		1.5489		1.1771
1714		1.5486		1.1773
1715		1.5483		1.1774
1716		1.5481		1.1776
1717		1.5478		1.1777
1718		1.5475		1.1779
1719		1.5472		1.1781
1720		1.5469		1.1782
1721		1.5467		1.1784
1722		1.5464		1.1785
1723		1.5461		1.1787
1724		1.5458		1.1789
1725		1.5455		1.1790
1726		1.5453		1.1792
1727		1.5450		1.1793
1728		1.5447		1.1795
1729		1.5444		1.1797
1730		1.5441		1.1798
1731		1.5438		1.1800
1732		1.5436		1.1801
1733		1.5433		1.1803
1734		1.5430		1.1805
1735		1.5427		1.1806
1736		1.5424		1.1808
1737		1.5422		1.1809
1738		1.5419		1.1811
1739		1.5416		1.1813
1740		1.5413		1.1814
1741		1.5410		1.1816
1742		1.5408		1.1817
1743		1.5405		1.1819
1744		1.5402		1.1821
1745		1.5399		1.1822
1746		1.5396		1.1824
1747		1.5394		1.1825
1748		1.5391		1.1827
1749		1.5388		1.1829
1750		1.5385		1.1830
1751		1.5382		1.1832
1752		1.5380		1.1833
1753		1.5377		1.1835
1754		1.5374		1.1836
1755		1.5371		1.1838
1756		1.5368		1.1840
1757		1.5366		1.1841
1758		1.5363		1.1843
1759		1.5360		1.1844
1760		1.5357		1.1846
1761		1.5354		1.1847
1762		1.5352		1.1849
1763		1.5349		1.1851
1764		1.5346		1.1852
1765		1.5343		1.1854
1766		1.5340		1.1855
1767		1.5338		1.1857
1768		1.5335		1.1858
1769		1.5332		1.1860
1770		1.5329		1.1861
1771		1.5326		1.1863
1772		1.5324		1.1864
1773		1.5321		1.1866
1774		1.5318		1.1867
1775		1.5315		1.1869
1776		1.5312		1.1871
1777		1.5310		1.1872
1778		1.5307		1.1874
1779		1.5304		1.1875
1780		1.5301		1.1877
1781		1.5298		1.1878
1782		1.5296		1.1880
1783		1.5293		1.1881
1784		1.5290		1.1883
1785		1.5287		1.1884
1786		1.5284		1.1886
1787		1.5282		1.1887
1788		1.5279		1.1888
1789		1.5276		1.1890
1790		1.5273		1.1891
1791		1.5270		1.1893
1792		1.5268		1.1894
1793		1.5265		1.1896
1794		1.5262		1.1897
1795		1.5259		1.1899
1796		1.5256		1.1900
1797		1.5254		1.1902
1798		1.5251		1.1903
1799		1.5248		1.1904
1800		1.5245		1.1906
1801		1.5242		1.1907
1802		1.5240		1.1909
1803		1.5237		1.1910
1804		1.5234		1.1911
1805		1.5231		1.1913
1806		1.5228		1.1914
1807		1.5226		1.1916
1808		1.5223		1.1917
1809		1.5220		1.1918
1810		1.5217		1.1920
1811		1.5214		1.1921
1812		1.5211		1.1922
1813		1.5209		1.1924
1814		1.5206		1.1925
1815		1.5203		1.1926
1816		1.5200		1.1928
1817		1.5197		1.1929
1818		1.5195		1.1930
1819		1.5192		1.1932
1820		1.5189		1.1933
1821		1.5186		1.1934
1822		1.5183		1.1935
1823		1.5181		1.1937
1824		1.5178		1.1938
1825		1.5175		1.1939
1826		1.5172		1.1940
1827		1.5169		1.1942
1828		1.5167		1.1943
1829		1.5164		1.1944
1830		1.5161		1.1945
1831		1.5158		1.1947
1832		1.5155		1.1948
1833		1.5153		1.1949
1834		1.5150		1.1950
1835		1.5147		1.1951
1836		1.5144		1.1953
1837		1.5141		1.1954
1838		1.5139		1.1955
1839		1.5136		1.1956
1840		1.5133		1.1957
1841		1.5130		1.1958
1842		1.5127		1.1959
1843		1.5125		1.1960
1844		1.5122		1.1962
1845		1.5119		1.1963
1846		1.5116		1.1964
1847		1.5113		1.1965
1848		1.5111		1.1966
1849		1.5108		1.1967
1850		1.5105		1.1968
1851		1.5102		1.1969
1852		1.5099		1.1970
1853		1.5097		1.1971
1854		1.5094		1.1972
1855		1.5091		1.1973
1856		1.5088		1.1974
1857		1.5085		1.1975
1858		1.5083		1.1976
1859		1.5080		1.1977
1860		1.5077		1.1978
1861		1.5074		1.1979
1862		1.5071		1.1980
1863		1.5068		1.1980
1864		1.5066		1.1981
1865		1.5063		1.1982
1866		1.5060		1.1983
1867		1.5057		1.1984
1868		1.5054		1.1985
1869		1.5052		1.1986
1870		1.5049		1.1986
1871		1.5046		1.1987
1872		1.5043		1.1988
1873		1.5040		1.1989
1874		1.5038		1.1990
1875		1.5035		1.1990
1876		1.5032		1.1991
1877		1.5029		1.1992
1878		1.5026		1.1993
1879		1.5024		1.1993
1880		1.5021		1.1994
1881		1.5018		1.1995
1882		1.5015		1.1995
1883		1.5012		1.1996
1884		1.5010		1.1997
1885		1.5007		1.1997
1886		1.5004		1.1998
1887		1.5001		1.1998
1888		1.4998		1.1999
1889		1.4996		1.2000
1890		1.4993		1.2000
1891		1.4990		1.2001
1892		1.4987		1.2001
1893		1.4984		1.2002
1894		1.4981		1.2002
1895		1.4979		1.2003
1896		1.4976		1.2003
1897		1.4973		1.2004
1898		1.4970		1.2004
1899		1.4967		1.2005
1900		1.4965		1.2005
1901		1.4962		1.2005
1902		1.4959		1.2006
1903		1.4956		1.2006
1904		1.4953		1.2006
1905		1.4951		1.2007
1906		1.4948		1.2007
1907		1.4945		1.2007
1908		1.4942		1.2008
1909		1.4939		1.2008
1910		1.4937		1.2008
1911		1.4934		1.2008
1912		1.4931		1.2009
1913		1.4928		1.2009
1914		1.4925		1.2009
1915		1.4923		1.2009
1916		1.4920		1.2009
1917		1.4917		1.2009
1918		1.4914		1.2009
1919		1.4911		1.2010
1920		1.4909		1.2010
1921		1.4906		1.2010
1922		1.4903		1.2010
1923		1.4900		1.2010
1924		1.4897		1.2010
1925		1.4894		1.2010
1926		1.4892		1.2010
1927		1.4889		1.2010
1928		1.4886		1.2010
1929		1.4883		1.2010
1930		1.4880		1.2009
1931		1.4878		1.2009
1932		1.4875		1.2009
1933		1.4872		1.2009
1934		1.4869		1.2009
1935		1.4866		1.2009
1936		1.4864		1.2008
1937		1.4861		1.2008
1938		1.4858		1.2008
1939		1.4855		1.2008
1940		1.4852		1.2007
1941		1.4850		1.2007
1942		1.4847		1.2007
1943		1.4844		1.2006
1944		1.4841		1.2006
1945		1.4838		1.2005
1946		1.4836		1.2005
1947		1.4833		1.2005
1948		1.4830		1.2004
1949		1.4827		1.2004
1950		1.4824		1.2003
1951		1.4822		1.2003
1952		1.4819		1.2002
1953		1.4816		1.2001
1954		1.4813		1.2001
1955		1.4810		1.2000
1956		1.4808		1.2000
1957		1.4805		1.1999
1958		1.4802		1.1998
1959		1.4799		1.1998
1960		1.4796		1.1997
1961		1.4793		1.1996
1962		1.4791		1.1995
1963		1.4788		1.1995
1964		1.4785		1.1994
1965		1.4782		1.1993
1966		1.4779		1.1992
1967		1.4777		1.1991
1968		1.4774		1.1990
1969		1.4771		1.1989
1970		1.4768		1.1988
1971		1.4765		1.1987
1972		1.4763		1.1986
1973		1.4760		1.1985
1974		1.4757		1.1984
1975		1.4754		1.1983
1976		1.4751		1.1982
1977		1.4749		1.1981
1978		1.4746		1.1980
1979		1.4743		1.1979
1980		1.4740		1.1977
1981		1.4737		1.1976
1982		1.4735		1.1975
1983		1.4732		1.1974
1984		1.4729		1.1972
1985		1.4726		1.1971
1986		1.4723		1.1970
1987		1.4721		1.1968
1988		1.4718		1.1967
1989		1.4715		1.1966
1990		1.4712		1.1964
1991		1.4709		1.1963
1992		1.4707		1.1961
1993		1.4704		1.1960
1994		1.4701		1.1958
1995		1.4698		1.1957
1996		1.4695		1.1955
1997		1.4693		1.1953
1998		1.4690		1.1952
1999		1.4687		1.1950
2000		1.4684		1.1948
